{
 "cells": [
  {
   "cell_type": "code",
   "execution_count": 1,
   "metadata": {
    "collapsed": true
   },
   "outputs": [],
   "source": [
    "import matplotlib.pyplot as plt\n",
    "\n",
    "from PIL import Image\n",
    "from scipy.misc import imread\n",
    "from scipy.misc import imsave\n",
    "import numpy as np\n",
    "from scipy.stats import multivariate_normal\n",
    "import math"
   ]
  },
  {
   "cell_type": "code",
   "execution_count": 2,
   "metadata": {},
   "outputs": [],
   "source": [
    "## Read image\n",
    "data_path = './Dataset/hw3_img.jpg'\n",
    "img = Image.open(data_path) # Image object\n",
    "image = np.array(img) # Array\n",
    "\n",
    "# get shape\n",
    "im_w = image.shape[0]\n",
    "im_h = image.shape[1]\n",
    "\n",
    "resize_ratio = 0.1\n",
    "img_resize = img.resize((int(im_h*resize_ratio), int(im_w*resize_ratio))) # Image object\n",
    "image_resize = np.array(img_resize) # Array\n",
    "\n",
    "# get shape\n",
    "im_w_re = image_resize.shape[0]\n",
    "im_h_re = image_resize.shape[1]\n",
    "\n",
    "## Normalize pixel value to 0 - 1\n",
    "im = image/255.0\n",
    "\n",
    "## Avoid sigular matrix of Cov_mat\n",
    "bias = 0.0001\n",
    "\n",
    "\n",
    "# print(im_w,im_h)\n",
    "# print(im_w_re,im_h_re)\n",
    "# print(image.shape)\n",
    "# print(image_resize.shape)"
   ]
  },
  {
   "cell_type": "code",
   "execution_count": 3,
   "metadata": {},
   "outputs": [],
   "source": [
    "# setting para.\n",
    "K_cluster = 3\n",
    "means = np.zeros((K_cluster,3))\n",
    "for i in range(K_cluster):\n",
    "    for j in range(3):\n",
    "        means[i,j] = i\n",
    "k_ary = np.zeros((im_w_re,im_h_re))"
   ]
  },
  {
   "cell_type": "code",
   "execution_count": null,
   "metadata": {},
   "outputs": [
    {
     "name": "stdout",
     "output_type": "stream",
     "text": [
      "======================================\n",
      "kmeans - means = \n",
      " [[  49.89148391   33.17430931    8.83309598]\n",
      " [ 188.98232984  133.66492147   46.32918848]\n",
      " [ 207.42582106  200.84409211  175.25443564]]\n",
      "kmeans - cov = \n",
      " [[[ 1300.61568082   705.91267783   162.8773596 ]\n",
      "  [  705.91267783   743.46890422   237.09944325]\n",
      "  [  162.8773596    237.09944325   282.92799608]]\n",
      "\n",
      " [[ 2040.12730557   599.56083304  -433.94837167]\n",
      "  [  599.56083304  2536.15801033   628.31809195]\n",
      "  [ -433.94837167   628.31809195  1097.38312709]]\n",
      "\n",
      " [[ 1428.44381798   738.719088      39.26877939]\n",
      "  [  738.719088     800.37395623   569.35865682]\n",
      "  [   39.26877939   569.35865682  1344.23801826]]]\n",
      "kmeans - pi = \n",
      " [ 0.38096788  0.33159722  0.2874349 ]\n"
     ]
    }
   ],
   "source": [
    "# kmeans\n",
    "# for k means\n",
    "# means = np.zeros((1,3,2))\n",
    "# means[0,:,1]=np.array([1.0, 1.0, 1.0])\n",
    "\n",
    "\n",
    "def k_means(k_ary, image, means):    \n",
    "    # init\n",
    "    init_means = np.zeros_like(means)\n",
    "    init_cov = np.zeros((K_cluster,3,3))\n",
    "    init_pi = np.zeros(K_cluster)  \n",
    "    \n",
    "    # cal k-array\n",
    "    for i in range(im_w_re):\n",
    "        for j in range(im_h_re):\n",
    "            dist = np.zeros(K_cluster)\n",
    "            for k in range(K_cluster):\n",
    "                dist[k] = np.sum((image[i,j,:]-means[k,:])**2)\n",
    "            k_ary[i,j] = np.argmin(dist)  \n",
    "\n",
    "    # start update means\n",
    "    for k in range(K_cluster):\n",
    "        k_cluster_list = np.where(k_ary == k)\n",
    "        k_lst_L = len(k_cluster_list[0])\n",
    "        \n",
    "        # cal for pi\n",
    "        init_pi[k] = float(k_lst_L)/float((im_w_re*im_h_re))\n",
    "        \n",
    "        # use for create mean \n",
    "        if k_lst_L != 0:\n",
    "            R = image[:,:,0]\n",
    "            G = image[:,:,1]\n",
    "            B = image[:,:,2]\n",
    "            init_means[k,0] = float(R[k_cluster_list].sum())/k_lst_L\n",
    "            init_means[k,1] = float(G[k_cluster_list].sum())/k_lst_L\n",
    "            init_means[k,2] = float(B[k_cluster_list].sum())/k_lst_L\n",
    "            \n",
    "        # cal Cov.\n",
    "        N_k = k_lst_L\n",
    "        val = init_cov[k,:,:]\n",
    "        \n",
    "        for i in range(im_w_re):\n",
    "            for j in range(im_h_re):\n",
    "                if k_ary[i,j] == k:\n",
    "                    val += np.dot((image[i,j,:] - init_means[k,:]).reshape((3,1)), (image[i,j,:] - init_means[k,:]).reshape((1,3)))\n",
    "        init_cov[k,:,:] = val/N_k\n",
    "\n",
    "    return k_ary, init_means, init_cov, init_pi\n",
    "\n",
    "\n",
    "IterN = 100\n",
    "for i in range(IterN):\n",
    "    k_ary, means, cov, pi = k_means(k_ary, image_resize, means)\n",
    "\n",
    "print ('======================================')\n",
    "print ('kmeans - means = \\n',means)\n",
    "print ('kmeans - cov = \\n',cov)\n",
    "print ('kmeans - pi = \\n',pi)\n",
    "\n",
    "# print(means[0,:])\n",
    "# print(cov[0,:,:])"
   ]
  },
  {
   "cell_type": "code",
   "execution_count": null,
   "metadata": {},
   "outputs": [
    {
     "name": "stdout",
     "output_type": "stream",
     "text": [
      "Start EM Algorithm\n",
      "iter =  0\n",
      "EM - means = \n",
      " [[  48.7349642    34.19381591    7.90094627]\n",
      " [ 188.44336121  130.3626655    43.82213337]\n",
      " [ 203.93626597  196.86678551  172.24708683]]\n",
      "EM - cov = \n",
      " [[[ 1225.00186098   863.19435364   197.12296765]\n",
      "  [  863.19435364   835.2546398    203.79729184]\n",
      "  [  197.12296765   203.79729184   154.81288295]]\n",
      "\n",
      " [[ 2302.64391665   958.6161077   -331.8914007 ]\n",
      "  [  958.6161077   3131.14652954   788.58487287]\n",
      "  [ -331.8914007    788.58487287  1059.65368301]]\n",
      "\n",
      " [[ 1592.96841958   892.78102695   235.9011748 ]\n",
      "  [  892.78102695   954.09786167   800.14246564]\n",
      "  [  235.9011748    800.14246564  1498.93429437]]]\n",
      "EMs - pi = \n",
      " [ 0.37081146  0.32862506  0.30056348]\n",
      "=========================================\n",
      "iter =  1\n",
      "EM - means = \n",
      " [[  47.38752695   34.27264573    6.97887565]\n",
      " [ 186.44261296  126.95995863   41.71778844]\n",
      " [ 201.65104451  194.31054346  169.61933702]]\n",
      "EM - cov = \n",
      " [[[ 1180.60981601   912.80334149   177.44806478]\n",
      "  [  912.80334149   876.77584848   176.69545402]\n",
      "  [  177.44806478   176.69545402   110.61510949]]\n",
      "\n",
      " [[ 2571.20910365  1285.16679197  -210.82134663]\n",
      "  [ 1285.16679197  3469.21532525   866.64803501]\n",
      "  [ -210.82134663   866.64803501   968.93882536]]\n",
      "\n",
      " [[ 1715.98612522  1014.60400579   373.26767444]\n",
      "  [ 1014.60400579  1077.16547782   948.39797524]\n",
      "  [  373.26767444   948.39797524  1650.10365487]]]\n",
      "EMs - pi = \n",
      " [ 0.3587514   0.32970553  0.31154307]\n",
      "=========================================\n",
      "iter =  2\n",
      "EM - means = \n",
      " [[  46.1316905    33.68635299    6.13588782]\n",
      " [ 183.96565723  124.10499583   39.85498419]\n",
      " [ 200.03728706  192.44279422  167.24661356]]\n",
      "EM - cov = \n",
      " [[[ 1140.84016823   911.73807638   152.43015522]\n",
      "  [  911.73807638   881.90466893   150.70057906]\n",
      "  [  152.43015522   150.70057906    82.70563956]]\n",
      "\n",
      " [[ 2853.15043995  1530.82195498  -121.49345272]\n",
      "  [ 1530.82195498  3634.61935738   884.55310758]\n",
      "  [ -121.49345272   884.55310758   881.8805042 ]]\n",
      "\n",
      " [[ 1801.18102756  1106.52606488   479.05382207]\n",
      "  [ 1106.52606488  1175.04974382  1063.92377033]\n",
      "  [  479.05382207  1063.92377033  1791.38159635]]]\n",
      "EMs - pi = \n",
      " [ 0.34706508  0.33148733  0.3214476 ]\n",
      "=========================================\n",
      "iter =  3\n",
      "EM - means = \n",
      " [[  44.81260405   32.8101588     5.3866746 ]\n",
      " [ 181.27984382  121.47378046   38.13212907]\n",
      " [ 198.83681023  190.96887591  165.09633593]]\n",
      "EM - cov = \n",
      " [[[ 1098.66854009   890.62335602   128.66925235]\n",
      "  [  890.62335602   865.43331374   126.94240164]\n",
      "  [  128.66925235   126.94240164    62.11894112]]\n",
      "\n",
      " [[ 3120.03708759  1729.40116259   -52.62462509]\n",
      "  [ 1729.40116259  3732.65485651   879.52944446]\n",
      "  [  -52.62462509   879.52944446   805.76023003]]\n",
      "\n",
      " [[ 1858.77856803  1174.63374164   562.54427861]\n",
      "  [ 1174.63374164  1252.50759685  1159.22107145]\n",
      "  [  562.54427861  1159.22107145  1922.00645684]]]\n",
      "EMs - pi = \n",
      " [ 0.33551808  0.33402217  0.33045975]\n",
      "=========================================\n",
      "iter =  4\n",
      "EM - means = \n",
      " [[  43.44905909   31.82044909    4.74674044]\n",
      " [ 178.56545055  119.02315444   36.53385185]\n",
      " [ 197.89864131  189.74558024  163.16095925]]\n",
      "EM - cov = \n",
      " [[[ 1050.24457473   858.11025967   107.98310351]\n",
      "  [  858.11025967   836.35186921   107.36224251]\n",
      "  [  107.98310351   107.36224251    47.33584336]]\n",
      "\n",
      " [[ 3365.6571248   1898.2977089      5.61230086]\n",
      "  [ 1898.2977089   3799.97282045   867.43727576]\n",
      "  [    5.61230086   867.43727576   741.57673755]]\n",
      "\n",
      " [[ 1900.45063339  1227.412327     629.84008114]\n",
      "  [ 1227.412327    1315.91831261  1239.91702702]\n",
      "  [  629.84008114  1239.91702702  2041.00282084]]]\n",
      "EMs - pi = \n",
      " [ 0.32429273  0.33710305  0.33860423]\n",
      "=========================================\n",
      "iter =  5\n",
      "EM - means = \n",
      " [[  42.09659735   30.7922636     4.21695692]\n",
      " [ 175.89516211  116.7573988    35.057061  ]\n",
      " [ 197.12758424  188.69439505  161.43226987]]\n",
      "EM - cov = \n",
      " [[[  999.47649316   820.51079264    91.33806959]\n",
      "  [  820.51079264   800.26653701    91.84382742]\n",
      "  [   91.33806959    91.84382742    37.08364091]]\n",
      "\n",
      " [[ 3591.28686766  2045.42424527    59.19964397]\n",
      "  [ 2045.42424527  3849.93999553   855.77298239]\n",
      "  [   59.19964397   855.77298239   689.04494561]]\n",
      "\n",
      " [[ 1934.30352134  1271.34206768   686.00502644]\n",
      "  [ 1271.34206768  1370.25670944  1309.82106094]\n",
      "  [  686.00502644  1309.82106094  2148.20058202]]]\n",
      "EMs - pi = \n",
      " [ 0.31349331  0.34060734  0.34589934]\n",
      "=========================================\n",
      "iter =  6\n",
      "EM - means = \n",
      " [[  40.79883087   29.77150044    3.77300238]\n",
      " [ 173.27010262  114.65046277   33.70868385]\n",
      " [ 196.46604656  187.76966484  159.89825805]]\n",
      "EM - cov = \n",
      " [[[  948.71972376   780.33582034    78.85711604]\n",
      "  [  780.33582034   759.5206166     79.82843661]\n",
      "  [   78.85711604    79.82843661    29.68477631]]\n",
      "\n",
      " [[ 3804.94923156  2180.83138915   110.21186007]\n",
      "  [ 2180.83138915  3892.51504881   847.22796276]\n",
      "  [  110.21186007   847.22796276   646.91394013]]\n",
      "\n",
      " [[ 1964.45887366  1310.01512615   734.6058404 ]\n",
      "  [ 1310.01512615  1418.41001298  1371.56883031]\n",
      "  [  734.6058404   1371.56883031  2244.10032203]]]\n",
      "EMs - pi = \n",
      " [ 0.3030794   0.34454442  0.35237619]\n",
      "=========================================\n",
      "iter =  7\n",
      "EM - means = \n",
      " [[  39.52675784   28.74450885    3.41280903]\n",
      " [ 170.81640473  112.76471177   32.49226759]\n",
      " [ 195.88909564  186.95221406  158.54808912]]\n",
      "EM - cov = \n",
      " [[[  896.40420753   736.5881985     69.17659934]\n",
      "  [  736.5881985    713.55219811    70.19873918]\n",
      "  [   69.17659934    70.19873918    24.51566899]]\n",
      "\n",
      " [[ 3992.7012387   2297.67885046   158.09514175]\n",
      "  [ 2297.67885046  3925.96204879   841.79421467]\n",
      "  [  158.09514175   841.79421467   613.84559947]]\n",
      "\n",
      " [[ 1992.04207105  1344.60239426   777.29022105]\n",
      "  [ 1344.60239426  1461.41391102  1426.37373434]\n",
      "  [  777.29022105  1426.37373434  2329.21157823]]]\n",
      "EMs - pi = \n",
      " [ 0.29324283  0.34868508  0.35807209]\n",
      "=========================================\n",
      "iter =  8\n",
      "EM - means = \n",
      " [[  38.22138261   27.66439902    3.11592457]\n",
      " [ 168.55190822  111.10020239   31.39618664]\n",
      " [ 195.37718173  186.22761982  157.36559439]]\n",
      "EM - cov = \n",
      " [[[  841.51798773   688.37585942    60.80592337]\n",
      "  [  688.37585942   661.56110466    61.76052983]\n",
      "  [   60.80592337    61.76052983    20.89756512]]\n",
      "\n",
      " [[ 4148.92866874  2392.69754098   202.64663658]\n",
      "  [ 2392.69754098  3947.26406069   838.21643886]\n",
      "  [  202.64663658   838.21643886   587.7218365 ]]\n",
      "\n",
      " [[ 2018.14631238  1376.40038919   815.65421961]\n",
      "  [ 1376.40038919  1500.47125099  1475.41534722]\n",
      "  [  815.65421961  1475.41534722  2404.49432962]]]\n",
      "EMs - pi = \n",
      " [ 0.28386617  0.35308045  0.36305338]\n",
      "=========================================\n",
      "iter =  9\n",
      "EM - means = \n",
      " [[  36.82538773   26.46926677    2.8512182 ]\n",
      " [ 166.40300109  109.60769164   30.39647355]\n",
      " [ 194.91501933  185.58230873  156.32898098]]\n",
      "EM - cov = \n",
      " [[[  781.41248422   633.09000491    52.66020495]\n",
      "  [  633.09000491   600.96284083    53.45243867]\n",
      "  [   52.66020495    53.45243867    18.08015507]]\n",
      "\n",
      " [[ 4279.57288241  2468.81620935   244.24432013]\n",
      "  [ 2468.81620935  3955.47055087   834.98693782]\n",
      "  [  244.24432013   834.98693782   566.28142084]]\n",
      "\n",
      " [[ 2043.50232289  1406.3872129    850.87125799]\n",
      "  [ 1406.3872129   1536.54849503  1519.65025335]\n",
      "  [  850.87125799  1519.65025335  2471.11067784]]]\n",
      "EMs - pi = \n",
      " [ 0.27461811  0.35796326  0.36741863]\n",
      "=========================================\n",
      "iter =  10\n",
      "EM - means = \n",
      " [[  35.26545522   25.07575248    2.59297853]\n",
      " [ 164.27387347  108.22904924   29.4602382 ]\n",
      " [ 194.49182984  185.00275791  155.41197117]]\n",
      "EM - cov = \n",
      " [[[  712.37087896   566.64665711    43.84743913]\n",
      "  [  566.64665711   527.44084961    44.35153273]\n",
      "  [   43.84743913    44.35153273    15.58883481]]\n",
      "\n",
      " [[ 4391.39532416  2529.19249205   283.76475073]\n",
      "  [ 2529.19249205  3949.57220875   830.98057391]\n",
      "  [  283.76475073   830.98057391   547.75423006]]\n",
      "\n",
      " [[ 2068.34591232  1435.03269184   883.66828913]\n",
      "  [ 1435.03269184  1570.23391988  1559.88443539]\n",
      "  [  883.66828913  1559.88443539  2530.50625047]]]\n",
      "EMs - pi = \n",
      " [ 0.26509017  0.36362471  0.37128512]\n",
      "=========================================\n",
      "iter =  11\n",
      "EM - means = \n",
      " [[  33.4623377    23.3987452     2.31969724]\n",
      " [ 162.07344518  106.90286937   28.55688268]\n",
      " [ 194.09740995  184.47366759  154.58503551]]\n",
      "EM - cov = \n",
      " [[[  630.35639468   484.66713892    33.47431133]\n",
      "  [  484.66713892   436.51295713    33.57192743]\n",
      "  [   33.47431133    33.57192743    13.11726473]]\n",
      "\n",
      " [[ 4490.35646729  2577.13623533   322.0638053 ]\n",
      "  [ 2577.13623533  3929.30478172   825.63954719]\n",
      "  [  322.0638053    825.63954719   530.86799587]]\n",
      "\n",
      " [[ 2092.82825489  1462.70957892   914.79933756]\n",
      "  [ 1462.70957892  1602.09197765  1597.10652201]\n",
      "  [  914.79933756  1597.10652201  2584.50852824]]]\n",
      "EMs - pi = \n",
      " [ 0.2548833   0.37033906  0.37477764]\n",
      "=========================================\n"
     ]
    },
    {
     "name": "stdout",
     "output_type": "stream",
     "text": [
      "iter =  12\n",
      "EM - means = \n",
      " [[  31.52601925   21.5853644     2.03424897]\n",
      " [ 159.85590889  105.58796043   27.69921511]\n",
      " [ 193.72563472  183.98242336  153.82306343]]\n",
      "EM - cov = \n",
      " [[[  539.7485211    393.98146635    21.87303625]\n",
      "  [  393.98146635   337.70564046    21.66041216]\n",
      "  [   21.87303625    21.66041216    10.59940934]]\n",
      "\n",
      " [[ 4582.67904524  2620.96919491   357.93807994]\n",
      "  [ 2620.96919491  3904.09747426   820.12842773]\n",
      "  [  357.93807994   820.12842773   515.06005678]]\n",
      "\n",
      " [[ 2116.75694623  1489.4561778    944.62840691]\n",
      "  [ 1489.4561778   1632.44111167  1632.05707018]\n",
      "  [  944.62840691  1632.05707018  2634.5398758 ]]]\n",
      "EMs - pi = \n",
      " [ 0.24440397  0.37759138  0.37800465]\n",
      "=========================================\n",
      "iter =  13\n",
      "EM - means = \n",
      " [[  30.04934852   20.31126617    1.7984954 ]\n",
      " [ 157.91900087  104.29795663   26.9714986 ]\n",
      " [ 193.38643377  183.53100896  153.12280794]]\n",
      "EM - cov = \n",
      " [[[  471.83015701   331.791938      13.19300002]\n",
      "  [  331.791938     274.06544337    13.10272955]\n",
      "  [   13.19300002    13.10272955     8.50915254]]\n",
      "\n",
      " [[ 4679.86079913  2678.23963885   387.86282688]\n",
      "  [ 2678.23963885  3900.24124685   818.32381501]\n",
      "  [  387.86282688   818.32381501   500.98092723]]\n",
      "\n",
      " [[ 2138.84828026  1514.12926614   971.82054372]\n",
      "  [ 1514.12926614  1660.54508328  1664.03180607]\n",
      "  [  971.82054372  1664.03180607  2679.94591616]]]\n",
      "EMs - pi = \n",
      " [ 0.23568976  0.38331128  0.38099896]\n",
      "=========================================\n",
      "iter =  14\n",
      "EM - means = \n",
      " [[  29.2199224    19.69412668    1.62962684]\n",
      " [ 156.29803553  103.09157872   26.3847681 ]\n",
      " [ 193.09632725  183.12990864  152.49383031]]\n",
      "EM - cov = \n",
      " [[[  439.91326683   307.77045294     9.28924907]\n",
      "  [  307.77045294   251.69954081     9.31741692]\n",
      "  [    9.28924907     9.31741692     7.06623165]]\n",
      "\n",
      " [[ 4785.09929285  2747.73873959   411.71766848]\n",
      "  [ 2747.73873959  3918.14272132   819.60313959]\n",
      "  [  411.71766848   819.60313959   488.96383405]]\n",
      "\n",
      " [[ 2157.5775443   1535.14813664   994.77495553]\n",
      "  [ 1535.14813664  1685.1407237   1691.97718357]\n",
      "  [  994.77495553  1691.97718357  2719.86000395]]]\n",
      "EMs - pi = \n",
      " [ 0.22918032  0.38709928  0.3837204 ]\n",
      "=========================================\n",
      "iter =  15\n",
      "EM - means = \n",
      " [[  28.72211592   19.36137062    1.49902898]\n",
      " [ 154.9716185   102.06618741   25.91105394]\n",
      " [ 192.85643517  182.78134598  151.93700267]]\n",
      "EM - cov = \n",
      " [[[  423.20163862   297.87481311     7.41936167]\n",
      "  [  297.87481311   243.8177058      7.48993757]\n",
      "  [    7.41936167     7.48993757     6.02209001]]\n",
      "\n",
      " [[ 4881.08302993  2811.83688895   429.59615574]\n",
      "  [ 2811.83688895  3940.26951134   820.73230747]\n",
      "  [  429.59615574   820.73230747   478.67284537]]\n",
      "\n",
      " [[ 2172.62777405  1552.19633213  1013.48879921]\n",
      "  [ 1552.19633213  1705.85434702  1715.89552749]\n",
      "  [ 1013.48879921  1715.89552749  2754.80142278]]]\n",
      "EMs - pi = \n",
      " [ 0.22420818  0.38964659  0.38614523]\n",
      "=========================================\n",
      "iter =  16\n",
      "EM - means = \n",
      " [[  28.37736462   19.13475369    1.3934654 ]\n",
      " [ 153.88373411  101.21876021   25.52271499]\n",
      " [ 192.65736251  182.48090227  151.44948388]]\n",
      "EM - cov = \n",
      " [[[  411.84567292   291.77007782     6.23809454]\n",
      "  [  291.77007782   239.53172005     6.31069728]\n",
      "  [    6.23809454     6.31069728     5.2321879 ]]\n",
      "\n",
      " [[ 4962.72416514  2865.67455758   443.10499336]\n",
      "  [ 2865.67455758  3960.01180938   821.17951652]\n",
      "  [  443.10499336   821.17951652   469.95175012]]\n",
      "\n",
      " [[ 2184.88923849  1566.15137107  1028.90014333]\n",
      "  [ 1566.15137107  1723.28257892  1736.35116859]\n",
      "  [ 1028.90014333  1736.35116859  2785.33751264]]]\n",
      "EMs - pi = \n",
      " [ 0.22025978  0.39146706  0.38827316]\n",
      "=========================================\n",
      "iter =  17\n",
      "EM - means = \n",
      " [[  28.12496798   18.96428128    1.30753635]\n",
      " [ 152.98090163  100.51622858   25.20062922]\n",
      " [ 192.48993996  182.22258372  151.02676872]]\n",
      "EM - cov = \n",
      " [[[  4.03375107e+02   2.87238055e+02   5.42957000e+00]\n",
      "  [  2.87238055e+02   2.36493108e+02   5.47160979e+00]\n",
      "  [  5.42957000e+00   5.47160979e+00   4.62967238e+00]]\n",
      "\n",
      " [[  5.03179972e+03   2.91055860e+03   4.53718549e+02]\n",
      "  [  2.91055860e+03   3.97679377e+03   8.21263241e+02]\n",
      "  [  4.53718549e+02   8.21263241e+02   4.62638774e+02]]\n",
      "\n",
      " [[  2.19515666e+03   1.57782910e+03   1.04182044e+03]\n",
      "  [  1.57782910e+03   1.73807735e+03   1.75387528e+03]\n",
      "  [  1.04182044e+03   1.75387528e+03   2.81183610e+03]]]\n",
      "EMs - pi = \n",
      " [ 0.21704762  0.39283227  0.3901201 ]\n",
      "=========================================\n",
      "iter =  18\n",
      "EM - means = \n",
      " [[  27.93893489   18.83552826    1.23802115]\n",
      " [ 152.22946012   99.93173676   24.93231468]\n",
      " [ 192.34800831  182.00093535  150.6629139 ]]\n",
      "EM - cov = \n",
      " [[[  3.96876394e+02   2.83730012e+02   4.88990678e+00]\n",
      "  [  2.83730012e+02   2.34193602e+02   4.88420510e+00]\n",
      "  [  4.88990678e+00   4.88420510e+00   4.17136729e+00]]\n",
      "\n",
      " [[  5.09030975e+03   2.94822764e+03   4.62264654e+02]\n",
      "  [  2.94822764e+03   3.99120336e+03   8.21226736e+02]\n",
      "  [  4.62264654e+02   8.21226736e+02   4.56535741e+02]]\n",
      "\n",
      " [[  2.20388192e+03   1.58772037e+03   1.05275685e+03]\n",
      "  [  1.58772037e+03   1.75069750e+03   1.76887679e+03]\n",
      "  [  1.05275685e+03   1.76887679e+03   2.83465812e+03]]]\n",
      "EMs - pi = \n",
      " [ 0.21441592  0.39387263  0.39171145]\n",
      "=========================================\n",
      "iter =  19\n",
      "EM - means = \n",
      " [[  27.79966565   18.73885527    1.18202514]\n",
      " [ 151.60546692   99.44506957   24.70834695]\n",
      " [ 192.22734641  181.81108132  150.35116189]]\n",
      "EM - cov = \n",
      " [[[  3.91857734e+02   2.81010066e+02   4.52802716e+00]\n",
      "  [  2.81010066e+02   2.32454637e+02   4.48197190e+00]\n",
      "  [  4.52802716e+00   4.48197190e+00   3.82224290e+00]]\n",
      "\n",
      " [[  5.13947173e+03   2.97978828e+03   4.69197551e+02]\n",
      "  [  2.97978828e+03   4.00360710e+03   8.21159590e+02]\n",
      "  [  4.69197551e+02   8.21159590e+02   4.51441039e+02]]\n",
      "\n",
      " [[  2.21134110e+03   1.59613862e+03   1.06204962e+03]\n",
      "  [  1.59613862e+03   1.76148461e+03   1.78170380e+03]\n",
      "  [  1.06204962e+03   1.78170380e+03   2.85421375e+03]]]\n",
      "EMs - pi = \n",
      " [ 0.21225571  0.39466773  0.39307656]\n",
      "=========================================\n",
      "iter =  20\n",
      "EM - means = \n",
      " [[  27.69170969   18.66471519    1.1365579 ]\n",
      " [ 151.08652726   99.03888858   24.52074805]\n",
      " [ 192.12462579  181.64856493  150.0846684 ]]\n",
      "EM - cov = \n",
      " [[[  3.87951051e+02   2.78891764e+02   4.26609307e+00]\n",
      "  [  2.78891764e+02   2.31138665e+02   4.19889707e+00]\n",
      "  [  4.26609307e+00   4.19889707e+00   3.55206568e+00]]\n",
      "\n",
      " [[  5.18050069e+03   3.00612886e+03   4.74842593e+02]\n",
      "  [  3.00612886e+03   4.01417818e+03   8.21077989e+02]\n",
      "  [  4.74842593e+02   8.21077989e+02   4.47168006e+02]]\n",
      "\n",
      " [[  2.21774454e+03   1.60332581e+03   1.06996597e+03]\n",
      "  [  1.60332581e+03   1.77072407e+03   1.79267094e+03]\n",
      "  [  1.06996597e+03   1.79267094e+03   2.87092737e+03]]]\n",
      "EMs - pi = \n",
      " [ 0.21047162  0.3952833   0.39424507]\n",
      "=========================================\n",
      "iter =  21\n",
      "EM - means = \n",
      " [[  27.60471526   18.60539346    1.09899377]\n",
      " [ 150.65155328   98.69782201   24.36265482]\n",
      " [ 192.03706299  181.50936779  149.85695457]]\n",
      "EM - cov = \n",
      " [[[  3.84854232e+02   2.77212220e+02   4.05693652e+00]\n",
      "  [  2.77212220e+02   2.30123293e+02   3.98487884e+00]\n",
      "  [  4.05693652e+00   3.98487884e+00   3.33731211e+00]]\n",
      "\n",
      " [[  5.21478667e+03   3.02813424e+03   4.79473762e+02]\n",
      "  [  3.02813424e+03   4.02309177e+03   8.20982224e+02]\n",
      "  [  4.79473762e+02   8.20982224e+02   4.43556502e+02]]\n",
      "\n",
      " [[  2.22326143e+03   1.60947868e+03   1.07672385e+03]\n",
      "  [  1.60947868e+03   1.77865694e+03   1.80205556e+03]\n",
      "  [  1.07672385e+03   1.80205556e+03   2.88520003e+03]]]\n",
      "EMs - pi = \n",
      " [ 0.20898129  0.39577357  0.39524514]\n",
      "=========================================\n",
      "iter =  22\n",
      "EM - means = \n",
      " [[  27.53242065   18.55595049    1.06743358]\n",
      " [ 150.28295713   98.40899434   24.22837079]\n",
      " [ 191.96231891  181.38994646  149.66212422]]\n",
      "EM - cov = \n",
      " [[[  3.82338954e+02   2.75844858e+02   3.87837367e+00]\n",
      "  [  2.75844858e+02   2.29313507e+02   3.81091143e+00]\n",
      "  [  3.87837367e+00   3.81091143e+00   3.16240037e+00]]\n",
      "\n",
      " [[  5.24364229e+03   3.04662896e+03   4.83315808e+02]\n",
      "  [  3.04662896e+03   4.03057726e+03   8.20876341e+02]\n",
      "  [  4.83315808e+02   8.20876341e+02   4.40477643e+02]]\n",
      "\n",
      " [[  2.22802565e+03   1.61475568e+03   1.08249987e+03]\n",
      "  [  1.61475568e+03   1.78548318e+03   1.81009569e+03]\n",
      "  [  1.08249987e+03   1.81009569e+03   2.89739406e+03]]]\n",
      "EMs - pi = \n",
      " [ 0.20772021  0.39617731  0.39610248]\n",
      "=========================================\n",
      "iter =  23\n"
     ]
    },
    {
     "name": "stdout",
     "output_type": "stream",
     "text": [
      "EM - means = \n",
      " [[  27.47118063   18.51365081    1.04059351]\n",
      " [ 149.96720618   98.16217898   24.11335356]\n",
      " [ 191.89840775  181.28721906  149.49495999]]\n",
      "EM - cov = \n",
      " [[[  3.80251837e+02   2.74705067e+02   3.72197804e+00]\n",
      "  [  2.74705067e+02   2.28647006e+02   3.66323163e+00]\n",
      "  [  3.72197804e+00   3.66323163e+00   3.01750524e+00]]\n",
      "\n",
      " [[  5.26815599e+03   3.06230985e+03   4.86541475e+02]\n",
      "  [  3.06230985e+03   4.03688223e+03   8.20766855e+02]\n",
      "  [  4.86541475e+02   8.20766855e+02   4.37830535e+02]]\n",
      "\n",
      " [[  2.23214602e+03   1.61928726e+03   1.08744084e+03]\n",
      "  [  1.61928726e+03   1.79137001e+03   1.81699579e+03]\n",
      "  [  1.08744084e+03   1.81699579e+03   2.90783070e+03]]]\n",
      "EMs - pi = \n",
      " [ 0.20664091  0.39651923  0.39683986]\n",
      "=========================================\n",
      "iter =  24\n",
      "EM - means = \n",
      " [[  27.41881039   18.47700986    1.01758165]\n",
      " [ 149.69433401   97.94957633   24.01408785]\n",
      " [ 191.8436315   181.19854008  149.35095868]]\n",
      "EM - cov = \n",
      " [[[  3.78496513e+02   2.73741226e+02   3.58484653e+00]\n",
      "  [  2.73741226e+02   2.28087072e+02   3.53569085e+00]\n",
      "  [  3.58484653e+00   3.53569085e+00   2.89606677e+00]]\n",
      "\n",
      " [[  5.28916594e+03   3.07572066e+03   4.89275930e+02]\n",
      "  [  3.07572066e+03   4.04222818e+03   8.20657715e+02]\n",
      "  [  4.89275930e+02   8.20657715e+02   4.35536565e+02]]\n",
      "\n",
      " [[  2.23571454e+03   1.62318418e+03   1.09167236e+03]\n",
      "  [  1.62318418e+03   1.79645925e+03   1.82293201e+03]\n",
      "  [  1.09167236e+03   1.82293201e+03   2.91679025e+03]]]\n",
      "EMs - pi = \n",
      " [ 0.20570933  0.39681382  0.39747685]\n",
      "=========================================\n",
      "iter =  25\n",
      "EM - means = \n",
      " [[  27.37385213   18.44512115    0.99775043]\n",
      " [ 149.45709745   97.76534458   23.92787993]\n",
      " [ 191.79653804  181.12166824  149.22631568]]\n",
      "EM - cov = \n",
      " [[[  3.77010468e+02   2.72920745e+02   3.46535513e+00]\n",
      "  [  2.72920745e+02   2.27611548e+02   3.42501257e+00]\n",
      "  [  3.46535513e+00   3.42501257e+00   2.79344705e+00]]\n",
      "\n",
      " [[  5.30729526e+03   3.08726710e+03   4.91608120e+02]\n",
      "  [  3.08726710e+03   4.04679263e+03   8.20549511e+02]\n",
      "  [  4.91608120e+02   8.20549511e+02   4.33534600e+02]]\n",
      "\n",
      " [[  2.23881098e+03   1.62654220e+03   1.09530356e+03]\n",
      "  [  1.62654220e+03   1.80087213e+03   1.82805575e+03]\n",
      "  [  1.09530356e+03   1.82805575e+03   2.92451312e+03]]]\n",
      "EMs - pi = \n",
      " [ 0.20490094  0.39706917  0.39802988]\n",
      "=========================================\n",
      "iter =  26\n",
      "EM - means = \n",
      " [[  27.33520209   18.4173291     0.98061633]\n",
      " [ 149.25018829   97.6050997    23.85265577]\n",
      " [ 191.75589068  181.05472619  149.11787065]]\n",
      "EM - cov = \n",
      " [[[  3.75748725e+02   2.72220305e+02   3.36180022e+00]\n",
      "  [  2.72220305e+02   2.27205299e+02   3.32885983e+00]\n",
      "  [  3.36180022e+00   3.32885983e+00   2.70628601e+00]]\n",
      "\n",
      " [[  5.32300418e+03   3.09724849e+03   4.93602426e+02]\n",
      "  [  3.09724849e+03   4.05071142e+03   8.20441008e+02]\n",
      "  [  4.93602426e+02   8.20441008e+02   4.31777229e+02]]\n",
      "\n",
      " [[  2.24150511e+03   1.62944456e+03   1.09842934e+03]\n",
      "  [  1.62944456e+03   1.80471226e+03   1.83249613e+03]\n",
      "  [  1.09842934e+03   1.83249613e+03   2.93120218e+03]]]\n",
      "EMs - pi = \n",
      " [ 0.20419766  0.3972898   0.39851253]\n",
      "=========================================\n",
      "iter =  27\n",
      "EM - means = \n",
      " [[  27.30196078   18.39310897    0.96580846]\n",
      " [ 149.06960717   97.4654867    23.78679841]\n",
      " [ 191.72064361  180.99615619  149.02303129]]\n",
      "EM - cov = \n",
      " [[[  3.74675851e+02   2.71621430e+02   3.27234989e+00]\n",
      "  [  2.71621430e+02   2.26856847e+02   3.24531569e+00]\n",
      "  [  3.27234989e+00   3.24531569e+00   2.63209311e+00]]\n",
      "\n",
      " [[  5.33663949e+03   3.10589020e+03   4.95307515e+02]\n",
      "  [  3.10589020e+03   4.05408855e+03   8.20330745e+02]\n",
      "  [  4.95307515e+02   8.20330745e+02   4.30227658e+02]]\n",
      "\n",
      " [[  2.24385761e+03   1.63196318e+03   1.10113157e+03]\n",
      "  [  1.63196318e+03   1.80806774e+03   1.83636219e+03]\n",
      "  [  1.10113157e+03   1.83636219e+03   2.93702609e+03]]]\n",
      "EMs - pi = \n",
      " [ 0.20358567  0.39747847  0.39893586]\n",
      "=========================================\n",
      "iter =  28\n",
      "EM - means = \n",
      " [[  27.2733783    18.37202655    0.9530299 ]\n",
      " [ 148.91219369   97.3438451    23.72902383]\n",
      " [ 191.68992112  180.94467598  148.93968994]]\n",
      "EM - cov = \n",
      " [[[  3.73762783e+02   2.71108947e+02   3.19525961e+00]\n",
      "  [  2.71108947e+02   2.26557167e+02   3.17278662e+00]\n",
      "  [  3.19525961e+00   3.17278662e+00   2.56894141e+00]]\n",
      "\n",
      " [[  5.34847393e+03   3.11336975e+03   4.96762309e+02]\n",
      "  [  3.11336975e+03   4.05700604e+03   8.20217946e+02]\n",
      "  [  4.96762309e+02   8.20217946e+02   4.28857098e+02]]\n",
      "\n",
      " [[  2.24592064e+03   1.63415946e+03   1.10347999e+03]\n",
      "  [  1.63415946e+03   1.81101275e+03   1.83974497e+03]\n",
      "  [  1.10347999e+03   1.83974497e+03   2.94212345e+03]]]\n",
      "EMs - pi = \n",
      " [ 0.20305386  0.3976373   0.39930884]\n",
      "=========================================\n",
      "iter =  29\n",
      "EM - means = \n",
      " [[  27.24882487   18.35371617    0.94202991]\n",
      " [ 148.77530029   97.23797022   23.67828832]\n",
      " [ 191.6629987   180.89923703  148.86614188]]\n",
      "EM - cov = \n",
      " [[[  3.72985443e+02   2.70670338e+02   3.12898360e+00]\n",
      "  [  2.70670338e+02   2.26299131e+02   3.10994711e+00]\n",
      "  [  3.12898360e+00   3.10994711e+00   2.51525623e+00]]\n",
      "\n",
      " [[  5.35873351e+03   3.11983470e+03   4.97999707e+02]\n",
      "  [  3.11983470e+03   4.05953087e+03   8.20102791e+02]\n",
      "  [  4.97999707e+02   8.20102791e+02   4.27642640e+02]]\n",
      "\n",
      " [[  2.24773823e+03   1.63608495e+03   1.10553292e+03]\n",
      "  [  1.63608495e+03   1.81360904e+03   1.84271965e+03]\n",
      "  [  1.10553292e+03   1.84271965e+03   2.94660708e+03]]]\n",
      "EMs - pi = \n",
      " [ 0.20259286  0.39776843  0.39963871]\n",
      "=========================================\n",
      "iter =  30\n",
      "EM - means = \n",
      " [[  27.22776525   18.33786108    0.93258709]\n",
      " [ 148.65659342   97.14596101   23.63372164]\n",
      " [ 191.6392843   180.85898572  148.80101013]]\n",
      "EM - cov = \n",
      " [[[  3.72323780e+02   2.70295213e+02   3.07217164e+00]\n",
      "  [  2.70295213e+02   2.26077033e+02   3.05566512e+00]\n",
      "  [  3.07217164e+00   3.05566512e+00   2.46969203e+00]]\n",
      "\n",
      " [[  5.36761384e+03   3.12541313e+03   4.99048649e+02]\n",
      "  [  3.12541313e+03   4.06171923e+03   8.19986263e+02]\n",
      "  [  4.99048649e+02   8.19986263e+02   4.26565618e+02]]\n",
      "\n",
      " [[  2.24934695e+03   1.63778217e+03   1.10733831e+03]\n",
      "  [  1.63778217e+03   1.81590745e+03   1.84534758e+03]\n",
      "  [  1.10733831e+03   1.84534758e+03   2.95056818e+03]]]\n",
      "EMs - pi = \n",
      " [ 0.2021944   0.39787429  0.39993131]\n",
      "=========================================\n",
      "iter =  31\n",
      "EM - means = \n",
      " [[  27.20973651   18.32417784    0.92450151]\n",
      " [ 148.55395273   97.06613469   23.59458134]\n",
      " [ 191.61829912  180.82322753  148.74317894]]\n",
      "EM - cov = \n",
      " [[[  3.71760925e+02   2.69974798e+02   3.02362534e+00]\n",
      "  [  2.69974798e+02   2.25886158e+02   3.00893512e+00]\n",
      "  [  3.02362534e+00   3.00893512e+00   2.43107283e+00]]\n",
      "\n",
      " [[  5.37528845e+03   3.13021875e+03   4.99935070e+02]\n",
      "  [  3.13021875e+03   4.06361877e+03   8.19869838e+02]\n",
      "  [  4.99935070e+02   8.19869838e+02   4.25610419e+02]]\n",
      "\n",
      " [[  2.25077670e+03   1.63928566e+03   1.10893491e+03]\n",
      "  [  1.63928566e+03   1.81794945e+03   1.84767849e+03]\n",
      "  [  1.10893491e+03   1.84767849e+03   2.95408028e+03]]]\n",
      "EMs - pi = \n",
      " [ 0.20185096  0.39795765  0.4001914 ]\n",
      "=========================================\n",
      "iter =  32\n",
      "EM - means = \n",
      " [[  27.19433204   18.31240697    0.91759202]\n",
      " [ 148.46543222   96.99698415   23.56022278]\n",
      " [ 191.59965815  180.79139511  148.69173691]]\n",
      "EM - cov = \n",
      " [[[  3.71282513e+02   2.69701536e+02   2.98226289e+00]\n",
      "  [  2.69701536e+02   2.25722464e+02   2.96883824e+00]\n",
      "  [  2.98226289e+00   2.96883824e+00   2.39836732e+00]]\n",
      "\n",
      " [[  5.38191249e+03   3.13435318e+03   5.00682245e+02]\n",
      "  [  3.13435318e+03   4.06527001e+03   8.19755155e+02]\n",
      "  [  5.00682245e+02   8.19755155e+02   4.24763662e+02]]\n",
      "\n",
      " [[  2.25205171e+03   1.64062314e+03   1.11035365e+03]\n",
      "  [  1.64062314e+03   1.81976877e+03   1.84975251e+03]\n",
      "  [  1.11035365e+03   1.84975251e+03   2.95720277e+03]]]\n",
      "EMs - pi = \n",
      " [ 0.20155566  0.39802144  0.4004229 ]\n",
      "=========================================\n",
      "iter =  33\n",
      "EM - means = \n",
      " [[  27.1811919    18.30230937    0.91169589]\n",
      " [ 148.38925231   96.93715824   23.53007997]\n",
      " [ 191.58305171  180.76302064  148.6459303 ]]\n",
      "EM - cov = \n",
      " [[[  3.70876188e+02   2.69468831e+02   2.94710359e+00]\n",
      "  [  2.69468831e+02   2.25582384e+02   2.93452803e+00]\n",
      "  [  2.94710359e+00   2.93452803e+00   2.37067741e+00]]\n",
      "\n",
      " [[  5.38762431e+03   3.13790679e+03   5.01310879e+02]\n",
      "  [  3.13790679e+03   4.06670732e+03   8.19643772e+02]\n",
      "  [  5.01310879e+02   8.19643772e+02   4.24013650e+02]]\n",
      "\n",
      " [[  2.25319159e+03   1.64181683e+03   1.11161911e+03]\n",
      "  [  1.64181683e+03   1.82139292e+03   1.85160216e+03]\n",
      "  [  1.11161911e+03   1.85160216e+03   2.95998403e+03]]]\n",
      "EMs - pi = \n",
      " [ 0.20130226  0.39806865  0.40062908]\n",
      "=========================================\n",
      "iter =  34\n"
     ]
    },
    {
     "name": "stdout",
     "output_type": "stream",
     "text": [
      "EM - means = \n",
      " [[  27.16999757   18.29366611    0.90666883]\n",
      " [ 148.3238017    96.88545109   23.50365286]\n",
      " [ 191.56822892  180.73771318  148.60512589]]\n",
      "EM - cov = \n",
      " [[[  3.70531282e+02   2.69270890e+02   2.91726530e+00]\n",
      "  [  2.69270890e+02   2.25462736e+02   2.90523050e+00]\n",
      "  [  2.91726530e+00   2.90523050e+00   2.34722894e+00]]\n",
      "\n",
      " [[  5.39254640e+03   3.14095938e+03   5.01839152e+02]\n",
      "  [  3.14095938e+03   4.06795989e+03   8.19537008e+02]\n",
      "  [  5.01839152e+02   8.19537008e+02   4.23350007e+02]]\n",
      "\n",
      " [[  2.25421231e+03   1.64288457e+03   1.11275088e+03]\n",
      "  [  1.64288457e+03   1.82284455e+03   1.85325404e+03]\n",
      "  [  1.11275088e+03   1.85325404e+03   2.96246392e+03]]]\n",
      "EMs - pi = \n",
      " [ 0.20108515  0.39810214  0.40081272]\n",
      "=========================================\n",
      "iter =  35\n",
      "EM - means = \n",
      " [[  27.16046882   18.28627927    0.90238446]\n",
      " [ 148.26763838   96.84079365   23.4804986 ]\n",
      " [ 191.55498381  180.71514063  148.56878268]]\n",
      "EM - cov = \n",
      " [[[  3.70238584e+02   2.69102644e+02   2.89196537e+00]\n",
      "  [  2.69102644e+02   2.25360680e+02   2.88024821e+00]\n",
      "  [  2.89196537e+00   2.88024821e+00   2.32736093e+00]]\n",
      "\n",
      " [[  5.39678638e+03   3.14358081e+03   5.02282826e+02]\n",
      "  [  3.14358081e+03   4.06905247e+03   8.19435877e+02]\n",
