{
 "cells": [
  {
   "cell_type": "code",
   "execution_count": 1,
   "metadata": {
    "collapsed": true
   },
   "outputs": [],
   "source": [
    "import matplotlib.pyplot as plt\n",
    "\n",
    "from PIL import Image\n",
    "from scipy.misc import imread\n",
    "from scipy.misc import imsave\n",
    "import numpy as np\n",
    "from scipy.stats import multivariate_normal\n",
    "import math"
   ]
  },
  {
   "cell_type": "code",
   "execution_count": 2,
   "metadata": {
    "collapsed": true
   },
   "outputs": [],
   "source": [
    "## Read image\n",
    "data_path = './Dataset/hw3_img.jpg'\n",
    "img = Image.open(data_path) # Image object\n",
    "image = np.array(img) # Array\n",
    "\n",
    "# get shape\n",
    "im_w = image.shape[0]\n",
    "im_h = image.shape[1]\n",
    "\n",
    "resize_ratio = 0.1\n",
    "img_resize = img.resize((int(im_h*resize_ratio), int(im_w*resize_ratio))) # Image object\n",
    "image_resize = np.array(img_resize) # Array\n",
    "\n",
    "# get shape\n",
    "im_w_re = image_resize.shape[0]\n",
    "im_h_re = image_resize.shape[1]\n",
    "\n",
    "## Normalize pixel value to 0 - 1\n",
    "im = image/255.0\n",
    "\n",
    "## Avoid sigular matrix of Cov_mat\n",
    "bias = 0.0001\n",
    "\n",
    "\n",
    "# print(im_w,im_h)\n",
    "# print(im_w_re,im_h_re)\n",
    "# print(image.shape)\n",
    "# print(image_resize.shape)"
   ]
  },
  {
   "cell_type": "code",
   "execution_count": 3,
   "metadata": {
    "collapsed": true
   },
   "outputs": [],
   "source": [
    "# setting para.\n",
    "K_cluster = 2\n",
    "means = np.zeros((K_cluster,3))\n",
    "for i in range(K_cluster):\n",
    "    for j in range(3):\n",
    "        means[i,j] = i\n",
    "k_ary = np.zeros((im_w_re,im_h_re))"
   ]
  },
  {
   "cell_type": "code",
   "execution_count": 4,
   "metadata": {},
   "outputs": [
    {
     "name": "stdout",
     "output_type": "stream",
     "text": [
      "======================================\n",
      "kmeans - means = \n",
      " [[  79.14459633   46.46732166   12.93720632]\n",
      " [ 205.47309219  185.14137627  127.10013233]]\n",
      "kmeans - cov = \n",
      " [[[ 4114.22834436  1425.91170936   267.15089947]\n",
      "  [ 1425.91170936  1289.76665959   447.90717483]\n",
      "  [  267.15089947   447.90717483   447.38990574]]\n",
      "\n",
      " [[ 1418.14296807   718.32835199  -110.80431933]\n",
      "  [  718.32835199  1376.0900701   1290.77344843]\n",
      "  [ -110.80431933  1290.77344843  4406.7725055 ]]]\n",
      "kmeans - pi = \n",
      " [ 0.50802951  0.49197049]\n"
     ]
    }
   ],
   "source": [
    "# kmeans\n",
    "# for k means\n",
    "# means = np.zeros((1,3,2))\n",
    "# means[0,:,1]=np.array([1.0, 1.0, 1.0])\n",
    "\n",
    "\n",
    "def k_means(k_ary, image, means):    \n",
    "    # init\n",
    "    init_means = np.zeros_like(means)\n",
    "    init_cov = np.zeros((K_cluster,3,3))\n",
    "    init_pi = np.zeros(K_cluster)  \n",
    "    \n",
    "    # cal k-array\n",
    "    for i in range(im_w_re):\n",
    "        for j in range(im_h_re):\n",
    "            dist = np.zeros(K_cluster)\n",
    "            for k in range(K_cluster):\n",
    "                dist[k] = np.sum((image[i,j,:]-means[k,:])**2)\n",
    "            k_ary[i,j] = np.argmin(dist)  \n",
    "\n",
    "    # start update means\n",
    "    for k in range(K_cluster):\n",
    "        k_cluster_list = np.where(k_ary == k)\n",
    "        k_lst_L = len(k_cluster_list[0])\n",
    "        \n",
    "        # cal for pi\n",
    "        init_pi[k] = float(k_lst_L)/float((im_w_re*im_h_re))\n",
    "        \n",
    "        # use for create mean \n",
    "        if k_lst_L != 0:\n",
    "            R = image[:,:,0]\n",
    "            G = image[:,:,1]\n",
    "            B = image[:,:,2]\n",
    "            init_means[k,0] = float(R[k_cluster_list].sum())/k_lst_L\n",
    "            init_means[k,1] = float(G[k_cluster_list].sum())/k_lst_L\n",
    "            init_means[k,2] = float(B[k_cluster_list].sum())/k_lst_L\n",
    "            \n",
    "        # cal Cov.\n",
    "        N_k = k_lst_L\n",
    "        val = init_cov[k,:,:]\n",
    "        \n",
    "        for i in range(im_w_re):\n",
    "            for j in range(im_h_re):\n",
    "                if k_ary[i,j] == k:\n",
    "                    val += np.dot((image[i,j,:] - init_means[k,:]).reshape((3,1)), (image[i,j,:] - init_means[k,:]).reshape((1,3)))\n",
    "        init_cov[k,:,:] = val/N_k\n",
    "\n",
    "    return k_ary, init_means, init_cov, init_pi\n",
    "\n",
    "\n",
    "IterN = 100\n",
    "for i in range(IterN):\n",
    "    k_ary, means, cov, pi = k_means(k_ary, image_resize, means)\n",
    "\n",
    "print ('======================================')\n",
    "print ('kmeans - means = \\n',means)\n",
    "print ('kmeans - cov = \\n',cov)\n",
    "print ('kmeans - pi = \\n',pi)\n",
    "\n",
    "# print(means[0,:])\n",
    "# print(cov[0,:,:])"
   ]
  },
  {
   "cell_type": "code",
   "execution_count": null,
   "metadata": {},
   "outputs": [
    {
     "name": "stdout",
     "output_type": "stream",
     "text": [
      "======================================\n",
      "kmeans - means = \n",
      " [[  79.14459633   46.46732166   12.93720632]\n",
      " [ 205.47309219  185.14137627  127.10013233]]\n"
     ]
    }
   ],
   "source": [
    "print ('======================================')\n",
    "print ('kmeans - means = \\n',means)"
   ]
  },
  {
   "cell_type": "code",
   "execution_count": null,
   "metadata": {},
   "outputs": [
    {
     "name": "stdout",
     "output_type": "stream",
     "text": [
      "Start EM Algorithm\n",
      "iter =  0\n",
      "EM - means = \n",
      " [[  82.35009903   45.51720619   11.85555555]\n",
      " [ 201.02934645  184.79216996  127.11613709]]\n",
      "EM - cov = \n",
      " [[[ 4762.78193509  1567.50856434   366.42801175]\n",
      "  [ 1567.50856434  1234.98758257   400.58209443]\n",
      "  [  366.42801175   400.58209443   309.28440621]]\n",
      "\n",
      " [[ 1727.98961578  1077.65804311   164.58334593]\n",
      "  [ 1077.65804311  1344.65282006  1217.58051316]\n",
      "  [  164.58334593  1217.58051316  4381.11493831]]]\n",
      "EMs - pi = \n",
      " [ 0.50333028  0.49666972]\n",
      "=========================================\n",
      "iter =  1\n",
      "EM - means = \n",
      " [[  82.0580544    43.17658141   10.69686623]\n",
      " [ 197.06118161  182.01623847  124.08608024]]\n",
      "EM - cov = \n",
      " [[[ 5047.97380244  1597.67658445   392.43878553]\n",
      "  [ 1597.67658445  1116.51212301   351.11581586]\n",
      "  [  392.43878553   351.11581586   251.55652619]]\n",
      "\n",
      " [[ 1990.48742803  1346.26513353   462.88561578]\n",
      "  [ 1346.26513353  1519.12642828  1392.00660173]\n",
      "  [  462.88561578  1392.00660173  4502.95494812]]]\n",
      "EMs - pi = \n",
      " [ 0.48491459  0.51508541]\n",
      "=========================================\n",
      "iter =  2\n",
      "EM - means = \n",
      " [[  80.66918199   40.50607302    9.59534056]\n",
      " [ 193.8346348   178.982165    120.67267984]]\n",
      "EM - cov = \n",
      " [[[ 5184.87310902  1555.95915516   370.83606188]\n",
      "  [ 1555.95915516   977.04339468   300.4281159 ]\n",
      "  [  370.83606188   300.4281159    211.00970799]]\n",
      "\n",
      " [[ 2210.18438498  1560.9138341    722.62517333]\n",
      "  [ 1560.9138341   1709.02392519  1594.42266652]\n",
      "  [  722.62517333  1594.42266652  4640.41627692]]]\n",
      "EMs - pi = \n",
      " [ 0.46427727  0.53572273]\n",
      "=========================================\n",
      "iter =  3\n",
      "EM - means = \n",
      " [[  79.10627547   37.96751152    8.60583215]\n",
      " [ 191.10904408  176.14848721  117.56117339]]\n",
      "EM - cov = \n",
      " [[[ 5273.97066163  1497.87777081   334.44189616]\n",
      "  [ 1497.87777081   845.49931234   251.99941113]\n",
      "  [  334.44189616   251.99941113   176.91044894]]\n",
      "\n",
      " [[ 2400.75023429  1743.6745985    942.74743938]\n",
      "  [ 1743.6745985   1886.28606232  1781.90297823]\n",
      "  [  942.74743938  1781.90297823  4759.15600275]]]\n",
      "EMs - pi = \n",
      " [ 0.44476183  0.55523817]\n",
      "=========================================\n",
      "iter =  4\n",
      "EM - means = \n",
      " [[  77.53398182   35.67871984    7.66295056]\n",
      " [ 188.78830429  173.54529401  114.86660777]]\n",
      "EM - cov = \n",
      " [[[ 5331.40930129  1436.64051584   289.62362991]\n",
      "  [ 1436.64051584   730.93310024   205.43632652]\n",
      "  [  289.62362991   205.43632652   144.77979249]]\n",
      "\n",
      " [[ 2569.07178984  1902.63559789  1124.00267496]\n",
      "  [ 1902.63559789  2052.62766281  1946.84996068]\n",
      "  [ 1124.00267496  1946.84996068  4849.37048054]]]\n",
      "EMs - pi = \n",
      " [ 0.42689412  0.57310588]\n",
      "=========================================\n",
      "iter =  5\n",
      "EM - means = \n",
      " [[  75.87597914   33.62840957    6.68579813]\n",
      " [ 186.88025657  171.17784821  112.59565668]]\n",
      "EM - cov = \n",
      " [[[ 5344.46455057  1364.60865419   232.43339817]\n",
      "  [ 1364.60865419   630.09369078   155.91267897]\n",
      "  [  232.43339817   155.91267897   110.05525464]]\n",
      "\n",
      " [[ 2714.22025681  2037.21684334  1264.21325948]\n",
      "  [ 2037.21684334  2207.38717605  2086.56108958]\n",
      "  [ 1264.21325948  2086.56108958  4908.66175895]]]\n",
      "EMs - pi = \n",
      " [ 0.41066678  0.58933322]\n",
      "=========================================\n",
      "iter =  6\n",
      "EM - means = \n",
      " [[  74.64455379   32.0292294     5.83558218]\n",
      " [ 185.1335392   169.06162466  110.71553489]]\n",
      "EM - cov = \n",
      " [[[ 5382.06382729  1319.70551451   194.49382614]\n",
      "  [ 1319.70551451   559.32292539   118.61418905]\n",
      "  [  194.49382614   118.61418905    82.98540189]]\n",
      "\n",
      " [[ 2850.00439076  2169.76724438  1384.3486855 ]\n",
      "  [ 2169.76724438  2357.84974076  2208.96090818]\n",
      "  [ 1384.3486855   2208.96090818  4951.82894232]]]\n",
      "EMs - pi = \n",
      " [ 0.39677305  0.60322695]\n",
      "=========================================\n",
      "iter =  7\n",
      "EM - means = \n",
      " [[  73.90114372   30.88871502    5.18500481]\n",
      " [ 183.55139587  167.23640416  109.1791655 ]]\n",
      "EM - cov = \n",
      " [[[ 5447.821313    1303.87213989   177.09509172]\n",
      "  [ 1303.87213989   516.87609832    95.89251943]\n",
      "  [  177.09509172    95.89251943    65.67108063]]\n",
      "\n",
      " [[ 2976.17044711  2298.30854235  1491.33011711]\n",
      "  [ 2298.30854235  2499.09523391  2316.71712617]\n",
      "  [ 1491.33011711  2316.71712617  4988.15081541]]]\n",
      "EMs - pi = \n",
      " [ 0.38537903  0.61462097]\n",
      "=========================================\n",
      "iter =  8\n",
      "EM - means = \n",
      " [[  73.35221387   30.07304174    4.70563746]\n",
      " [ 182.32542045  165.79230539  107.99152016]]\n",
      "EM - cov = \n",
      " [[[ 5497.75461725  1294.37758145   164.36354194]\n",
      "  [ 1294.37758145   489.60094065    80.622391  ]\n",
      "  [  164.36354194    80.622391      54.06022381]]\n",
      "\n",
      " [[ 3077.51685023  2401.02257916  1574.48758006]\n",
      "  [ 2401.02257916  2614.65988087  2403.14893435]\n",
      "  [ 1574.48758006  2403.14893435  5017.09671357]]]\n",
      "EMs - pi = \n",
      " [ 0.37652313  0.62347687]\n",
      "=========================================\n",
      "iter =  9\n",
      "EM - means = \n",
      " [[  72.92136276   29.50237456    4.35733496]\n",
      " [ 181.43250463  164.70023513  107.10994643]]\n",
      "EM - cov = \n",
      " [[[ 5529.07861312  1286.52719712   153.75455843]\n",
      "  [ 1286.52719712   471.9467945     70.02696703]\n",
      "  [  153.75455843    70.02696703    46.09882056]]\n",
      "\n",
      " [[ 3153.41209687  2477.5544863   1634.95689016]\n",
      "  [ 2477.5544863   2704.04314347  2468.91339667]\n",
      "  [ 1634.95689016  2468.91339667  5038.67147617]]]\n",
      "EMs - pi = \n",
      " [ 0.36989765  0.63010235]\n",
      "=========================================\n",
      "iter =  10\n",
      "EM - means = \n",
      " [[  72.6726635    29.13319851    4.11608271]\n",
      " [ 180.74697075  163.8802048   106.46409931]]\n",
      "EM - cov = \n",
      " [[[ 5556.73946248  1283.70623722   148.49667758]\n",
      "  [ 1283.70623722   461.84671406    63.77440654]\n",
      "  [  148.49667758    63.77440654    41.1931441 ]]\n",
      "\n",
      " [[ 3214.01535138  2539.11884243  1681.58273835]\n",
      "  [ 2539.11884243  2774.22710098  2519.11907832]\n",
      "  [ 1681.58273835  2519.11907832  5055.03185505]]]\n",
      "EMs - pi = \n",
      " [ 0.3650496  0.6349504]\n",
      "=========================================\n",
      "iter =  11\n",
      "EM - means = \n",
      " [[  72.52882359   28.89520124    3.95092241]\n",
      " [ 180.2393404   163.28051178  105.99975652]]\n",
      "EM - cov = \n",
      " [[[ 5577.40096352  1282.79328782   145.67062315]\n",
      "  [ 1282.79328782   455.97021885    60.00672765]\n",
      "  [  145.67062315    60.00672765    38.08247224]]\n",
      "\n",
      " [[ 3260.87202466  2586.30363187  1716.42351429]\n",
      "  [ 2586.30363187  2827.20373395  2556.34206359]\n",
      "  [ 1716.42351429  2556.34206359  5067.18421939]]]\n",
      "EMs - pi = \n",
      " [ 0.36156964  0.63843036]\n",
      "=========================================\n",
      "iter =  12\n",
      "EM - means = \n",
      " [[  72.43965706   28.73884498    3.83751993]\n",
      " [ 179.874725    162.85087267  105.67051259]]\n",
      "EM - cov = \n",
      " [[[ 5592.0134352   1282.55989755   143.95358926]\n",
      "  [ 1282.55989755   452.43521909    57.63484329]\n",
      "  [  143.95358926    57.63484329    36.04509834]]\n",
      "\n",
      " [[ 3295.35493735  2620.81534947  1741.5786251 ]\n",
      "  [ 2620.81534947  2865.8232039   2583.21651625]\n",
      "  [ 1741.5786251   2583.21651625  5075.96791316]]]\n",
      "EMs - pi = \n",
      " [ 0.35910283  0.64089717]\n",
      "=========================================\n",
      "iter =  13\n",
      "EM - means = \n",
      " [[  72.37848637   28.63309846    3.75888091]\n",
      " [ 179.61753001  162.5461556   105.43821629]]\n",
      "EM - cov = \n",
      " [[[ 5601.73343501  1282.3669857    142.74524132]\n",
      "  [ 1282.3669857    450.15188488    56.05485685]\n",
      "  [  142.74524132    56.05485685    34.67178389]]\n",
      "\n",
      " [[ 3320.08409578  2645.3885549   1759.35047827]\n",
      "  [ 2645.3885549   2893.43210026  2602.33948093]\n",
      "  [ 1759.35047827  2602.33948093  5082.21537828]]]\n",
      "EMs - pi = \n",
      " [ 0.35736091  0.64263909]\n",
      "=========================================\n",
      "iter =  14\n",
      "EM - means = \n",
      " [[  72.33260486   28.55949267    3.70348727]\n",
      " [ 179.43716335  162.32994771  105.27377736]]\n",
      "EM - cov = \n",
      " [[[ 5607.94383526  1282.07661501   141.79976901]\n",
      "  [ 1282.07661501   448.58664994    54.95088045]\n",
      "  [  141.79976901    54.95088045    33.71780776]]\n",
      "\n",
      " [[ 3337.61384861  2662.68088675  1771.79477271]\n",
      "  [ 2662.68088675  2913.06182373  2615.90813331]\n",
      "  [ 1771.79477271  2615.90813331  5086.63508985]]]\n",
      "EMs - pi = \n",
      " [ 0.3561256  0.6438744]\n",
      "=========================================\n",
      "iter =  15\n",
      "EM - means = \n",
      " [[  72.29674642   28.50704614    3.6637857 ]\n",
      " [ 179.30993699  162.17526634  105.15626329]]\n",
      "EM - cov = \n",
      " [[[ 5611.87091726  1281.72874      141.03614838]\n",
      "  [ 1281.72874      447.47234732    54.15473448]\n",
      "  [  141.03614838    54.15473448    33.03779078]]\n",
      "\n",
      " [[ 3350.05939084  2674.88139244  1780.54245764]\n",
      "  [ 2674.88139244  2927.094572    2625.59787691]\n",
      "  [ 1780.54245764  2625.59787691  5089.77495637]]]\n",
      "EMs - pi = \n",
      " [ 0.35524078  0.64475922]\n",
      "=========================================\n",
      "iter =  16\n",
      "EM - means = \n",
      " [[  72.26860265   28.46902914    3.63490239]\n",
      " [ 179.21904183  162.06330393  105.07126137]]\n",
      "EM - cov = \n",
      " [[[ 5614.39483621  1281.38448381   140.42549179]\n",
      "  [ 1281.38448381   446.66182042    53.57033857]\n",
      "  [  140.42549179    53.57033857    32.54417485]]\n",
      "\n",
      " [[ 3358.98420255  2683.58970476  1786.76728546]\n",
      "  [ 2683.58970476  2937.23594628  2632.59526982]\n",
      "  [ 1786.76728546  2632.59526982  5092.02914723]]]\n",
      "EMs - pi = \n"
     ]
    },
    {
     "name": "stdout",
     "output_type": "stream",
     "text": [
      " [ 0.35459933  0.64540067]\n",
      "=========================================\n",
      "iter =  17\n",
      "EM - means = \n",
      " [[  72.24671894   28.44113695    3.61365591]\n",
      " [ 179.15318551  161.98134653  105.00906966]]\n",
      "EM - cov = \n",
      " [[[ 5616.0685885   1281.08070941   139.94640361]\n",
      "  [ 1281.08070941   446.06518567    53.13740427]\n",
      "  [  139.94640361    53.13740427    32.1816697 ]]\n",
      "\n",
      " [[ 3365.46381348  2689.89220031  1791.26147311]\n",
      "  [ 2689.89220031  2944.64886385  2637.70697961]\n",
      "  [ 1791.26147311  2637.70697961  5093.66754524]]]\n",
      "EMs - pi = \n",
      " [ 0.35412916  0.64587084]\n",
      "=========================================\n",
      "iter =  18\n",
      "EM - means = \n",
      " [[  72.22988206   28.42050307    3.59790958]\n",
      " [ 179.10490104  161.92081523  104.9631524 ]]\n",
      "EM - cov = \n",
      " [[[ 5617.21711872  1280.83004118   139.5765068 ]\n",
      "  [ 1280.83004118   445.62295392    52.81510283]\n",
      "  [  139.5765068     52.81510283    31.91348948]]\n",
      "\n",
      " [[ 3370.219588    2694.50882738  1794.54764958]\n",
      "  [ 2694.50882738  2950.1180044   2641.47670764]\n",
      "  [ 1794.54764958  2641.47670764  5094.87140031]]]\n",
      "EMs - pi = \n",
      " [ 0.35378158  0.64621842]\n",
      "=========================================\n",
      "iter =  19\n",
      "EM - means = \n",
      " [[  72.21703325   28.40515387    3.58618264]\n",
      " [ 179.06919047  161.87582514  104.92903158]]\n",
      "EM - cov = \n",
      " [[[ 5618.02855046  1280.63111013   139.293998  ]\n",
      "  [ 1280.63111013   445.29374845    52.57448015]\n",
      "  [  139.293998      52.57448015    31.71414799]]\n",
      "\n",
      " [[ 3373.73864811  2697.92090133  1796.97349177]\n",
      "  [ 2697.92090133  2954.18002324  2644.275828  ]\n",
      "  [ 1796.97349177  2644.275828    5095.76323619]]]\n",
      "EMs - pi = \n",
      " [ 0.35352307  0.64647693]\n",
      "=========================================\n",
      "iter =  20\n",
      "EM - means = \n",
      " [[  72.20728136   28.39369418    3.57742178]\n",
      " [ 179.04262378  161.84224603  104.90356791]]\n",
      "EM - cov = \n",
      " [[[ 5618.61430289  1280.4767635    139.0796716 ]\n",
      "  [ 1280.4767635    445.04797556    52.39450609]\n",
      "  [  139.0796716     52.39450609    31.56550348]]\n",
      "\n",
      " [[ 3376.35712754  2700.45805638  1798.77592741]\n",
      "  [ 2700.45805638  2957.21033109  2646.36374596]\n",
      "  [ 1798.77592741  2646.36374596  5096.42761695]]]\n",
      "EMs - pi = \n",
      " [ 0.35333004  0.64666996]\n",
      "=========================================\n",
      "iter =  21\n",
      "EM - means = \n",
      " [[  72.19990552   28.38511812    3.57086359]\n",
      " [ 179.02278463  161.81711695  104.88451302]]\n",
      "EM - cov = \n",
      " [[[ 5619.04335302  1280.35855808   138.91770931]\n",
      "  [ 1280.35855808   444.86412481    52.25971974]\n",
      "  [  138.91770931    52.25971974    31.45441764]]\n",
      "\n",
      " [[ 3378.31258272  2702.35206024  1800.12083495]\n",
      "  [ 2702.35206024  2959.47735986  2647.92570197]\n",
      "  [ 1800.12083495  2647.92570197  5096.9243215 ]]]\n",
      "EMs - pi = \n",
      " [ 0.35318555  0.64681445]\n",
      "=========================================\n",
      "iter =  22\n",
      "EM - means = \n",
      " [[  72.19433873   28.37869023    3.56594777]\n",
      " [ 179.00793393  161.79828017  104.87022964]]\n",
      "EM - cov = \n",
      " [[[ 5619.36058894  1280.26870758   138.79559125]\n",
      "  [ 1280.26870758   444.72640205    52.15867889]\n",
      "  [  138.79559125    52.15867889    31.37126952]]\n",
      "\n",
      " [[ 3379.77628562  2703.76946844  1801.12704354]\n",
      "  [ 2703.76946844  2961.17636479  2649.09631319]\n",
      "  [ 1801.12704354  2649.09631319  5097.29648503]]]\n",
      "EMs - pi = \n",
      " [ 0.35307721  0.64692279]\n",
      "=========================================\n",
      "iter =  23\n",
      "EM - means = \n",
      " [[  72.19014286   28.37386764    3.56225975]\n",
      " [ 178.99680066  161.78414544  104.85951161]]\n",
      "EM - cov = \n",
      " [[[ 5619.59654263  1280.20070599   138.70363104]\n",
      "  [ 1280.20070599   444.62313092    52.08288048]\n",
      "  [  138.70363104    52.08288048    31.30896166]]\n",
      "\n",
      " [[ 3380.87351758  2704.83187527  1801.88112025]\n",
      "  [ 2704.83187527  2962.45107547  2649.97461881]\n",
      "  [ 1801.88112025  2649.97461881  5097.57570491]]]\n",
      "EMs - pi = \n",
      " [ 0.3529959  0.6470041]\n",
      "=========================================\n",
      "iter =  24\n",
      "EM - means = \n",
      " [[  72.18698292   28.37024708    3.5594912 ]\n",
      " [ 178.98844633  161.77353213  104.85146364]]\n",
      "EM - cov = \n",
      " [[[ 5619.77269261  1280.14937061   138.63442952]\n",
      "  [ 1280.14937061   444.54563799    52.02598742]\n",
      "  [  138.63442952    52.02598742    31.26223141]]\n",
      "\n",
      " [[ 3381.69681176  2705.62898974  1802.44684656]\n",
      "  [ 2705.62898974  2963.40811678  2650.63407148]\n",
      "  [ 1802.44684656  2650.63407148  5097.78535986]]]\n",
      "EMs - pi = \n",
      " [ 0.35293485  0.64706515]\n",
      "=========================================\n",
      "iter =  25\n",
      "EM - means = \n",
      " [[  72.1846044    28.36752776    3.557412  ]\n",
      " [ 178.98217347  161.76555962  104.84541806]]\n",
      "EM - cov = \n",
      " [[[ 5619.90450511  1280.11067503   138.58237464]\n",
      "  [ 1280.11067503   444.48745872    51.98326686]\n",
      "  [  138.58237464    51.98326686    31.2271624 ]]\n",
      "\n",
      " [[ 3382.31494153  2706.22744415  1802.8715587 ]\n",
      "  [ 2706.22744415  2964.12697476  2651.12942394]\n",
      "  [ 1802.8715587   2651.12942394  5097.94285688]]]\n",
      "EMs - pi = \n",
      " [ 0.35288898  0.64711102]\n",
      "=========================================\n",
      "iter =  26\n",
      "EM - means = \n",
      " [[  72.1828147    28.36548474    3.55585005]\n",
      " [ 178.97746159  161.7595692   104.84087542]]\n",
      "EM - cov = \n",
      " [[[ 5620.00328848  1280.08153357   138.54322638]\n",
      "  [ 1280.08153357   444.44376327    51.95117834]\n",
      "  [  138.54322638    51.95117834    31.20083248]]\n",
      "\n",
      " [[ 3382.77922415  2706.67694073  1803.19054904]\n",
      "  [ 2706.67694073  2964.66708415  2651.50161765]\n",
      "  [ 1803.19054904  2651.50161765  5098.06120637]]]\n",
      "EMs - pi = \n",
      " [ 0.35285452  0.64714548]\n",
      "=========================================\n",
      "iter =  27\n",
      "EM - means = \n",
      " [[  72.18146836   28.36394952    3.55467642]\n",
      " [ 178.9739213   161.75506729  104.83746149]]\n",
      "EM - cov = \n",
      " [[[ 5620.07739193  1280.05959962   138.51378827]\n",
      "  [ 1280.05959962   444.41093695    51.92707019]\n",
      "  [  138.51378827    51.92707019    31.18105708]]\n",
      "\n",
      " [[ 3383.12804789  2707.01465251  1803.43020614]\n",
      "  [ 2707.01465251  2965.07297056  2651.78132588]\n",
      "  [ 1803.43020614  2651.78132588  5098.15015492]]]\n",
      "EMs - pi = \n",
      " [ 0.35282862  0.64717138]\n",
      "=========================================\n",
      "iter =  28\n",
      "EM - means = \n",
      " [[  72.18045572   28.36279571    3.55379443]\n",
      " [ 178.97126081  161.75168361  104.83489551]]\n",
      "EM - cov = \n",
      " [[[ 5620.13301801  1280.04309644   138.4916534 ]\n",
      "  [ 1280.04309644   444.38627117    51.90895451]\n",
      "  [  138.4916534     51.90895451    31.1662007 ]]\n",
      "\n",
      " [[ 3383.39017571  2707.26842904  1803.61029696]\n",
      "  [ 2707.26842904  2965.37803005  2651.99155657]\n",
      "  [ 1803.61029696  2651.99155657  5098.21701405]]]\n",
      "EMs - pi = \n",
      " [ 0.35280915  0.64719085]\n",
      "=========================================\n",
      "iter =  29\n",
      "EM - means = \n",
      " [[  72.17969415   28.36192847    3.55313153]\n",
      " [ 178.96926122  161.74914019  104.83296672]]\n",
      "EM - cov = \n",
      " [[[ 5620.1747927   1280.03068228   138.47501059]\n",
      "  [ 1280.03068228   444.36773453    51.89533996]\n",
      "  [  138.47501059    51.89533996    31.15503761]]\n",
      "\n",
      " [[ 3383.58718149  2707.45915791  1803.74564572]\n",
      "  [ 2707.45915791  2965.60733017  2652.14958108]\n",
      "  [ 1803.74564572  2652.14958108  5098.26727311]]]\n",
      "EMs - pi = \n",
      " [ 0.35279451  0.64720549]\n",
      "=========================================\n",
      "iter =  30\n",
      "EM - means = \n",
      " [[  72.17912144   28.36127658    3.55263326]\n",
      " [ 178.96775822  161.74722826  104.8315168 ]]\n",
      "EM - cov = \n",
      " [[[ 5620.20617489  1280.02134543   138.46249747]\n",
      "  [ 1280.02134543   444.35380249    51.88510714]\n",
      "  [  138.46249747    51.88510714    31.14664845]]\n",
      "\n",
      " [[ 3383.73525817  2707.60251654  1803.84737838]\n",
      "  [ 2707.60251654  2965.77969634  2652.2683708 ]\n",
      "  [ 1803.84737838  2652.2683708   5098.30505547]]]\n",
      "EMs - pi = \n",
      " [ 0.35278351  0.64721649]\n",
      "=========================================\n",
      "iter =  31\n",
      "EM - means = \n",
      " [[  72.17869079   28.36078654    3.55225872]\n",
      " [ 178.96662841  161.74579096  104.83042681]]\n",
      "EM - cov = \n",
      " [[[ 5620.22975515  1280.0143238    138.45308943]\n",
      "  [ 1280.0143238    444.34333039    51.87741549]\n",
      "  [  138.45308943    51.87741549    31.14034323]]\n",
      "\n",
      " [[ 3383.84656571  2707.71027756  1803.92384951]\n",
      "  [ 2707.71027756  2965.90927091  2652.35767087]\n",
      "  [ 1803.92384951  2652.35767087  5098.33345937]]]\n",
      "EMs - pi = \n",
      " [ 0.35277524  0.64722476]\n",
      "=========================================\n",
      "iter =  32\n",
      "EM - means = \n",
      " [[  72.17836697   28.36041815    3.55197716]\n",
      " [ 178.9657791   161.74471045  104.82960739]]\n",
      "EM - cov = \n",
      " [[[ 5620.24747592  1280.00904369   138.44601602]\n",
      "  [ 1280.00904369   444.33545851    51.87163362]\n",
      "  [  138.44601602    51.87163362    31.13560391]]\n",
      "\n",
      " [[ 3383.93023856  2707.79128441  1803.98133485]\n",
      "  [ 2707.79128441  2966.00668056  2652.42480416]\n",
      "  [ 1803.98133485  2652.42480416  5098.35481322]]]\n",
      "EMs - pi = \n",
      " [ 0.35276902  0.64723098]\n"
     ]
    },
    {
     "name": "stdout",
     "output_type": "stream",
     "text": [
      "=========================================\n",
      "iter =  33\n",
      "EM - means = \n",
      " [[  72.17812349   28.36014121    3.55176549]\n",
      " [ 178.96514061  161.74389813  104.82899136]]\n",
      "EM - cov = \n",
      " [[[ 5620.26079473  1280.00507336   138.44069792]\n",
      "  [ 1280.00507336   444.32954094    51.86728716]\n",
      "  [  138.44069792    51.86728716    31.13204137]]\n",
      "\n",
      " [[ 3383.99314001  2707.85218169  1804.0245497 ]\n",
      "  [ 2707.85218169  2966.07991153  2652.47527421]\n",
      "  [ 1804.0245497   2652.47527421  5098.37086716]]]\n",
      "EMs - pi = \n",
      " [ 0.35276435  0.64723565]\n",
      "=========================================\n",
      "iter =  34\n",
      "EM - means = \n",
      " [[  72.17794042   28.359933      3.55160637]\n",
      " [ 178.96466061  161.74328742  104.82852822]]\n",
      "EM - cov = \n",
      " [[[ 5620.2708059   1280.00208802   138.43669956]\n",
      "  [ 1280.00208802   444.32509236    51.86401965]\n",
      "  [  138.43669956    51.86401965    31.1293633 ]]\n",
      "\n",
      " [[ 3384.04042777  2707.89796277  1804.05703756]\n",
      "  [ 2707.89796277  2966.13496635  2652.51321764]\n",
      "  [ 1804.05703756  2652.51321764  5098.38293672]]]\n",
      "EMs - pi = \n",
      " [ 0.35276084  0.64723916]\n",
      "=========================================\n",
      "iter =  35\n",
      "EM - means = \n",
      " [[  72.17780278   28.35977648    3.55148674]\n",
      " [ 178.96429975  161.74282829  104.82818003]]\n",
      "EM - cov = \n",
      " [[[ 5620.27833132  1279.99984336   138.43369344]\n",
      "  [ 1279.99984336   444.321748      51.86156319]\n",
      "  [  138.43369344    51.86156319    31.12735004]]\n",
      "\n",
      " [[ 3384.07597826  2707.93238057  1804.08146162]\n",
      "  [ 2707.93238057  2966.17635693  2652.54174388]\n",
      "  [ 1804.08146162  2652.54174388  5098.39201085]]]\n",
      "EMs - pi = \n",
      " [ 0.35275819  0.64724181]\n",
      "=========================================\n",
      "iter =  36\n",
      "EM - means = \n",
      " [[  72.17769929   28.3596588     3.5513968 ]\n",
      " [ 178.96402845  161.74248311  104.82791825]]\n",
      "EM - cov = \n",
      " [[[ 5620.28398845  1279.99815565   138.43143332]\n",
      "  [ 1279.99815565   444.31923374    51.85971645]\n",
      "  [  138.43143332    51.85971645    31.12583652]]\n",
      "\n",
      " [[ 3384.1027052   2707.95825595  1804.09982369]\n",
      "  [ 2707.95825595  2966.20747496  2652.56319037]\n",
      "  [ 1804.09982369  2652.56319037  5098.398833  ]]]\n",
      "EMs - pi = \n",
      " [ 0.35275621  0.64724379]\n",
      "=========================================\n",
      "iter =  37\n",
      "EM - means = \n",
      " [[  72.17762148   28.35957032    3.55132918]\n",
      " [ 178.96382448  161.74222359  104.82772144]]\n",
      "EM - cov = \n",
      " [[[ 5620.28824127  1279.99688672   138.42973407]\n",
      "  [ 1279.99688672   444.31734351    51.85832805]\n",
      "  [  138.42973407    51.85832805    31.12469866]]\n",
      "\n",
      " [[ 3384.12279879  2707.97770933  1804.11362848]\n",
      "  [ 2707.97770933  2966.23087011  2652.57931431]\n",
      "  [ 1804.11362848  2652.57931431  5098.40396207]]]\n",
      "EMs - pi = \n",
      " [ 0.35275472  0.64724528]\n",
      "=========================================\n",
      "iter =  38\n",
      "EM - means = \n",
      " [[  72.17756298   28.35950381    3.55127835]\n",
      " [ 178.96367114  161.74202848  104.82757348]]\n",
      "EM - cov = \n",
      " [[[ 5620.29143845  1279.99593266   138.42845652]\n",
      "  [ 1279.99593266   444.31592241    51.85728424]\n",
      "  [  138.42845652    51.85728424    31.12384322]]\n",
      "\n",
      " [[ 3384.13790549  2707.99233472  1804.12400716]\n",
      "  [ 2707.99233472  2966.24845913  2652.59143669]\n",
      "  [ 1804.12400716  2652.59143669  5098.40781826]]]\n",
      "EMs - pi = \n",
      " [ 0.35275359  0.64724641]\n",
      "=========================================\n",
      "iter =  39\n",
      "EM - means = \n",
      " [[  72.17751899   28.3594538     3.55124013]\n",
      " [ 178.96355585  161.74188179  104.82746223]]\n",
      "EM - cov = \n",
      " [[[ 5620.29384207  1279.99521535   138.42749601]\n",
      "  [ 1279.99521535   444.314854      51.85649948]\n",
      "  [  138.42749601    51.85649948    31.12320009]]\n",
      "\n",
      " [[ 3384.14926303  2708.0033304   1804.13181007]\n",
      "  [ 2708.0033304   2966.26168303  2652.60055063]\n",
      "  [ 1804.13181007  2652.60055063  5098.41071746]]]\n",
      "EMs - pi = \n",
      " [ 0.35275275  0.64724725]\n",
      "=========================================\n",
      "iter =  40\n",
      "EM - means = \n",
      " [[  72.17748592   28.3594162     3.55121139]\n",
      " [ 178.96346917  161.7417715   104.82737859]]\n",
      "EM - cov = \n",
      " [[[ 5620.29564912  1279.99467604   138.42677386]\n",
      "  [ 1279.99467604   444.31405075    51.85590948]\n",
      "  [  138.42677386    51.85590948    31.12271657]]\n",
      "\n",
      " [[ 3384.15780192  2708.01159723  1804.1376765 ]\n",
      "  [ 2708.01159723  2966.27162514  2652.60740276]\n",
      "  [ 1804.1376765   2652.60740276  5098.41289717]]]\n",
      "EMs - pi = \n",
      " [ 0.35275211  0.64724789]\n",
      "=========================================\n",
      "iter =  41\n",
      "EM - means = \n",
      " [[  72.17746106   28.35938793    3.55118979]\n",
      " [ 178.96340401  161.74168859  104.82731571]]\n",
      "EM - cov = \n",
      " [[[ 5620.29700768  1279.99427056   138.42623092]\n",
      "  [ 1279.99427056   444.31344684    51.8554659 ]\n",
      "  [  138.42623092    51.8554659     31.12235305]]\n",
      "\n",
      " [[ 3384.1642217   2708.01781246  1804.14208705]\n",
      "  [ 2708.01781246  2966.27909993  2652.61255441]\n",
      "  [ 1804.14208705  2652.61255441  5098.41453595]]]\n",
      "EMs - pi = \n",
      " [ 0.35275164  0.64724836]\n",
      "=========================================\n",
      "iter =  42\n",
      "EM - means = \n",
      " [[  72.17744237   28.35936668    3.55117355]\n",
      " [ 178.96335501  161.74162625  104.82726844]]\n",
      "EM - cov = \n",
      " [[[ 5620.29802908  1279.99396571   138.42582272]\n",
      "  [ 1279.99396571   444.31299281    51.85513241]\n",
      "  [  138.42582272    51.85513241    31.12207975]]\n",
      "\n",
      " [[ 3384.16904828  2708.02248526  1804.14540303]\n",
      "  [ 2708.02248526  2966.28471972  2652.61642758]\n",
      "  [ 1804.14540303  2652.61642758  5098.41576804]]]\n",
      "EMs - pi = \n",
      " [ 0.35275128  0.64724872]\n",
      "=========================================\n",
      "iter =  43\n",
      "EM - means = \n",
      " [[  72.17742831   28.3593507     3.55116134]\n",
      " [ 178.96331818  161.74157938  104.82723289]]\n",
      "EM - cov = \n",
      " [[[ 5620.29879698  1279.9937365    138.42551582]\n",
      "  [ 1279.9937365    444.31265145    51.85488168]\n",
      "  [  138.42551582    51.85488168    31.12187427]]\n",
      "\n",
      " [[ 3384.17267705  2708.02599842  1804.14789609]\n",
      "  [ 2708.02599842  2966.28894486  2652.61933956]\n",
      "  [ 1804.14789609  2652.61933956  5098.41669436]]]\n",
      "EMs - pi = \n",
      " [ 0.35275101  0.64724899]\n",
      "=========================================\n",
      "iter =  44\n",
      "EM - means = \n",
      " [[  72.17741775   28.35933869    3.55115216]\n",
      " [ 178.96329048  161.74154414  104.82720617]]\n",
      "EM - cov = \n",
      " [[[ 5620.29937432  1279.99356418   138.42528508]\n",
      "  [ 1279.99356418   444.31239481    51.85469317]\n",
      "  [  138.42528508    51.85469317    31.12171979]]\n",
      "\n",
      " [[ 3384.17540528  2708.02863972  1804.14977045]\n",
      "  [ 2708.02863972  2966.29212146  2652.62152889]\n",
      "  [ 1804.14977045  2652.62152889  5098.41739081]]]\n",
      "EMs - pi = \n",
      " [ 0.35275081  0.64724919]\n",
      "=========================================\n",
      "iter =  45\n",
      "EM - means = \n",
      " [[  72.1774098    28.35932966    3.55114526]\n",
      " [ 178.96326966  161.74151765  104.82718608]]\n",
      "EM - cov = \n",
      " [[[ 5620.29980837  1279.99343462   138.42511161]\n",
      "  [ 1279.99343462   444.31220186    51.85455144]\n",
      "  [  138.42511161    51.85455144    31.12160365]]\n",
      "\n",
      " [[ 3384.17745645  2708.03062555  1804.15117966]\n",
      "  [ 2708.03062555  2966.29450974  2652.6231749 ]\n",
      "  [ 1804.15117966  2652.6231749   5098.41791442]]]\n",
      "EMs - pi = \n",
      " [ 0.35275065  0.64724935]\n",
      "=========================================\n",
      "iter =  46\n",
      "EM - means = \n",
      " [[  72.17740383   28.35932287    3.55114007]\n",
      " [ 178.96325401  161.74149773  104.82717097]]\n",
      "EM - cov = \n",
      " [[[ 5620.30013471  1279.99333721   138.42498118]\n",
      "  [ 1279.99333721   444.31205679    51.85444489]\n",
      "  [  138.42498118    51.85444489    31.12151632]]\n",
      "\n",
      " [[ 3384.17899859  2708.03211855  1804.15223915]\n",
      "  [ 2708.03211855  2966.29630533  2652.62441243]\n",
      "  [ 1804.15223915  2652.62441243  5098.41830809]]]\n",
      "EMs - pi = \n",
      " [ 0.35275054  0.64724946]\n",
      "=========================================\n",
      "iter =  47\n",
      "EM - means = \n",
      " [[  72.17739934   28.35931776    3.55113616]\n",
      " [ 178.96324224  161.74148276  104.82715962]]\n",
      "EM - cov = \n",
      " [[[ 5620.30038006  1279.99326398   138.42488312]\n",
      "  [ 1279.99326398   444.31194772    51.85436478]\n",
      "  [  138.42488312    51.85436478    31.12145067]]\n",
      "\n",
      " [[ 3384.18015803  2708.03324105  1804.15303571]\n",
      "  [ 2708.03324105  2966.29765532  2652.62534285]\n",
      "  [ 1804.15303571  2652.62534285  5098.41860407]]]\n",
      "EMs - pi = \n",
      " [ 0.35275045  0.64724955]\n",
      "=========================================\n",
      "iter =  48\n",
      "EM - means = \n",
      " [[  72.17739596   28.35931392    3.55113323]\n",
      " [ 178.96323339  161.7414715   104.82715108]]\n",
      "EM - cov = \n",
      " [[[ 5620.30056452  1279.99320892   138.4248094 ]\n",
      "  [ 1279.99320892   444.31186572    51.85430455]\n",
      "  [  138.4248094     51.85430455    31.12140131]]\n",
      "\n",
      " [[ 3384.18102974  2708.03408498  1804.15363459]\n",
      "  [ 2708.03408498  2966.29867029  2652.62604237]\n",
      "  [ 1804.15363459  2652.62604237  5098.41882659]]]\n",
      "EMs - pi = \n",
      " [ 0.35275039  0.64724961]\n",
      "=========================================\n",
      "iter =  49\n"
     ]
    },
    {
     "name": "stdout",
     "output_type": "stream",
     "text": [
      "EM - means = \n",
      " [[  72.17739342   28.35931104    3.55113103]\n",
      " [ 178.96322674  161.74146303  104.82714466]]\n",
      "EM - cov = \n",
      " [[[ 5620.3007032   1279.99316752   138.42475397]\n",
      "  [ 1279.99316752   444.31180407    51.85425926]\n",
      "  [  138.42475397    51.85425926    31.1213642 ]]\n",
      "\n",
      " [[ 3384.18168511  2708.03471948  1804.15408485]\n",
      "  [ 2708.03471948  2966.29943337  2652.6265683 ]\n",
      "  [ 1804.15408485  2652.6265683   5098.41899389]]]\n",
      "EMs - pi = \n",
      " [ 0.35275034  0.64724966]\n",
      "=========================================\n",
      "iter =  50\n",
      "EM - means = \n",
      " [[  72.17739151   28.35930887    3.55112937]\n",
      " [ 178.96322174  161.74145667  104.82713983]]\n",
      "EM - cov = \n",
      " [[[ 5620.30080747  1279.99313639   138.42471229]\n",
      "  [ 1279.99313639   444.31175772    51.85422522]\n",
