{
 "cells": [
  {
   "cell_type": "code",
   "execution_count": 1,
   "metadata": {
    "collapsed": true
   },
   "outputs": [],
   "source": [
    "import matplotlib.pyplot as plt\n",
    "\n",
    "from PIL import Image\n",
    "from scipy.misc import imread\n",
    "from scipy.misc import imsave\n",
    "import numpy as np\n",
    "from scipy.stats import multivariate_normal\n",
    "import math"
   ]
  },
  {
   "cell_type": "code",
   "execution_count": 2,
   "metadata": {},
   "outputs": [],
   "source": [
    "## Read image\n",
    "data_path = './Dataset/hw3_img.jpg'\n",
    "img = Image.open(data_path) # Image object\n",
    "image = np.array(img) # Array\n",
    "\n",
    "# get shape\n",
    "im_w = image.shape[0]\n",
    "im_h = image.shape[1]\n",
    "\n",
    "resize_ratio = 0.1\n",
    "img_resize = img.resize((int(im_h*resize_ratio), int(im_w*resize_ratio))) # Image object\n",
    "image_resize = np.array(img_resize) # Array\n",
    "\n",
    "# get shape\n",
    "im_w_re = image_resize.shape[0]\n",
    "im_h_re = image_resize.shape[1]\n",
    "\n",
    "## Normalize pixel value to 0 - 1\n",
    "im = image/255.0\n",
    "\n",
    "## Avoid sigular matrix of Cov_mat\n",
    "bias = 0.0001\n",
    "\n",
    "\n",
    "# print(im_w,im_h)\n",
    "# print(im_w_re,im_h_re)\n",
    "# print(image.shape)\n",
    "# print(image_resize.shape)"
   ]
  },
  {
   "cell_type": "code",
   "execution_count": 3,
   "metadata": {},
   "outputs": [],
   "source": [
    "# setting para.\n",
    "K_cluster = 20\n",
    "means = np.zeros((K_cluster,3))\n",
    "for i in range(5):\n",
    "    for j in range(3):\n",
    "        means[i,j] = i\n",
    "k_ary = np.zeros((im_w_re,im_h_re))"
   ]
  },
  {
   "cell_type": "code",
   "execution_count": null,
   "metadata": {},
   "outputs": [
    {
     "name": "stderr",
     "output_type": "stream",
     "text": [
      "/Users/huitinghong/anaconda3/lib/python3.6/site-packages/ipykernel_launcher.py:46: RuntimeWarning: invalid value encountered in true_divide\n"
     ]
    },
    {
     "name": "stdout",
     "output_type": "stream",
     "text": [
      "======================================\n",
      "kmeans - means = \n",
      " [[  84.75302663   48.7433414    10.41404358]\n",
      " [ 107.34983498   96.87293729   17.14851485]\n",
      " [ 226.42043222   64.4891945     9.19056974]\n",
      " [ 234.23927393  203.35643564   37.42739274]\n",
      " [ 224.40940941  227.47147147  212.09209209]\n",
      " [ 210.41964966  191.13099772  154.12338157]\n",
      " [ 214.44754098  162.39508197   70.66393443]\n",
      " [  86.89265537   78.68361582   56.81920904]\n",
      " [ 172.69461078   50.61676647   11.93413174]\n",
      " [  48.18292683  111.97560976  205.67073171]\n",
      " [  55.48590022   41.5010846     4.09978308]\n",
      " [ 124.39837398   22.4796748     4.69918699]\n",
      " [ 165.42610837  135.38669951   44.43349754]\n",
      " [  45.54205607   46.37383178   41.19626168]\n",
      " [  69.92857143   11.35714286    2.17142857]\n",
      " [ 153.43566591  154.45823928  124.06320542]\n",
      " [  38.10364683   27.87332054    3.63915547]\n",
      " [  21.68269231   12.31456044    2.42445055]\n",
      " [ 129.          115.75776398   74.00621118]\n",
      " [   4.53526221    2.65280289    1.82459313]]\n",
      "kmeans - cov = \n",
      " [[[  91.93416154   -9.85273408   -1.89289965]\n",
      "  [  -9.85273408  129.07698351   44.72854387]\n",
      "  [  -1.89289965   44.72854387   94.84309576]]\n",
      "\n",
      " [[ 201.86111383   82.39758629   61.9529948 ]\n",
      "  [  82.39758629  208.53666035    4.36540535]\n",
      "  [  61.9529948     4.36540535  141.36408195]]\n",
      "\n",
      " [[ 202.3851228    -4.03278511    7.3265581 ]\n",
      "  [  -4.03278511  146.62316418  113.88516333]\n",
      "  [   7.3265581   113.88516333  145.34089339]]\n",
      "\n",
      " [[ 263.25132885  166.21009378   36.69641593]\n",
      "  [ 166.21009378  502.09407574  225.75360259]\n",
      "  [  36.69641593  225.75360259  324.4988536 ]]\n",
      "\n",
      " [[ 442.25780936   19.71688505  -53.96162729]\n",
      "  [  19.71688505  156.84177872  163.27289752]\n",
      "  [ -53.96162729  163.27289752  276.41794547]]\n",
      "\n",
      " [[ 388.64719957   78.92217842 -133.20409996]\n",
      "  [  78.92217842  183.35831561   60.05390584]\n",
      "  [-133.20409996   60.05390584  422.66718369]]\n",
      "\n",
      " [[ 246.63741199 -172.96861865   -2.34303951]\n",
      "  [-172.96861865  471.19636926   59.92129804]\n",
      "  [  -2.34303951   59.92129804  418.16083042]]\n",
      "\n",
      " [[ 226.96587826   55.67790226  -78.80471767]\n",
      "  [  55.67790226  121.60611574   91.73376105]\n",
      "  [ -78.80471767   91.73376105  371.75262536]]\n",
      "\n",
      " [[ 286.02050988  -58.43440066  -63.82251067]\n",
      "  [ -58.43440066  304.28426978  144.35799061]\n",
      "  [ -63.82251067  144.35799061  155.46272724]]\n",
      "\n",
      " [[ 735.07629387  362.8215348  -226.90318263]\n",
      "  [ 362.8215348   264.99940512   86.07733492]\n",
      "  [-226.90318263   86.07733492  595.952558  ]]\n",
      "\n",
      " [[  41.23895521    9.31834501    4.95585377]\n",
      "  [   9.31834501   44.57971683    7.25368787]\n",
      "  [   4.95585377    7.25368787   32.44991319]]\n",
      "\n",
      " [[ 268.06081036   56.10972305    2.66455152]\n",
      "  [  56.10972305  195.06259502   49.95730055]\n",
      "  [   2.66455152   49.95730055   47.90138145]]\n",
      "\n",
      " [[ 287.70759421   59.43867238    8.2758742 ]\n",
      "  [  59.43867238  322.56721226  -82.24398796]\n",
      "  [   8.2758742   -82.24398796  353.71355772]]\n",
      "\n",
      " [[ 252.97720325  119.22726876  -74.62974932]\n",
      "  [ 119.22726876  129.26211896   36.12289283]\n",
      "  [ -74.62974932   36.12289283  211.98951874]]\n",
      "\n",
      " [[ 194.89489796   47.2255102     8.22653061]\n",
      "  [  47.2255102    89.14387755   15.88163265]\n",
      "  [   8.22653061   15.88163265   16.4277551 ]]\n",
      "\n",
      " [[ 540.84179792  128.21796799 -149.12911658]\n",
      "  [ 128.21796799  188.76292873  114.0274702 ]\n",
      "  [-149.12911658  114.0274702   455.14273194]]\n",
      "\n",
      " [[  34.58426693    5.63501092   -5.94148636]\n",
      "  [   5.63501092   34.16053581    4.38039206]\n",
      "  [  -5.94148636    4.38039206   33.83140351]]\n",
      "\n",
      " [[  35.4913488    -1.55403371   -4.74718671]\n",
      "  [  -1.55403371   31.65791986   12.09175937]\n",
      "  [  -4.74718671   12.09175937   23.67011646]]\n",
      "\n",
      " [[ 220.43478261   71.40062112  -39.14596273]\n",
      "  [  71.40062112  174.61834034   53.38349215]\n",
      "  [ -39.14596273   53.38349215  318.54654527]]\n",
      "\n",
      " [[  18.92506761    2.64334601   -3.665605  ]\n",
      "  [   2.64334601   10.98614495    6.71305946]\n",
      "  [  -3.665605      6.71305946   22.3724874 ]]]\n",
      "kmeans - pi = \n",
      " [ 0.04481337  0.06575521  0.05523003  0.06575521  0.10839844  0.14246962\n",
      "  0.06618924  0.01920573  0.01812066  0.00889757  0.0500217   0.01334635\n",
      "  0.04405382  0.01161024  0.00759549  0.04806858  0.05653212  0.07899306\n",
      "  0.03493924  0.06000434]\n"
     ]
    }
   ],
   "source": [
    "# kmeans\n",
    "# for k means\n",
    "# means = np.zeros((1,3,2))\n",
    "# means[0,:,1]=np.array([1.0, 1.0, 1.0])\n",
    "\n",
    "\n",
    "def k_means(k_ary, image, means):    \n",
    "    # init\n",
    "    init_means = np.zeros_like(means)\n",
    "    init_cov = np.zeros((K_cluster,3,3))\n",
    "    init_pi = np.zeros(K_cluster)  \n",
    "    \n",
    "    # cal k-array\n",
    "    for i in range(im_w_re):\n",
    "        for j in range(im_h_re):\n",
    "            dist = np.zeros(K_cluster)\n",
    "            for k in range(K_cluster):\n",
    "                dist[k] = np.sum((image[i,j,:]-means[k,:])**2)\n",
    "            k_ary[i,j] = np.argmin(dist)  \n",
    "\n",
    "    # start update means\n",
    "    for k in range(K_cluster):\n",
    "        k_cluster_list = np.where(k_ary == k)\n",
    "        k_lst_L = len(k_cluster_list[0])\n",
    "        \n",
    "        # cal for pi\n",
    "        init_pi[k] = float(k_lst_L)/float((im_w_re*im_h_re))\n",
    "        \n",
    "        # use for create mean \n",
    "        if k_lst_L != 0:\n",
    "            R = image[:,:,0]\n",
    "            G = image[:,:,1]\n",
    "            B = image[:,:,2]\n",
    "            init_means[k,0] = float(R[k_cluster_list].sum())/k_lst_L\n",
    "            init_means[k,1] = float(G[k_cluster_list].sum())/k_lst_L\n",
    "            init_means[k,2] = float(B[k_cluster_list].sum())/k_lst_L\n",
    "            \n",
    "        # cal Cov.\n",
    "        N_k = k_lst_L\n",
    "        val = init_cov[k,:,:]\n",
    "        \n",
    "        for i in range(im_w_re):\n",
    "            for j in range(im_h_re):\n",
    "                if k_ary[i,j] == k:\n",
    "                    val += np.dot((image[i,j,:] - init_means[k,:]).reshape((3,1)), (image[i,j,:] - init_means[k,:]).reshape((1,3)))\n",
    "        init_cov[k,:,:] = val/N_k\n",
    "\n",
    "    return k_ary, init_means, init_cov, init_pi\n",
    "\n",
    "\n",
    "IterN = 100\n",
    "for i in range(IterN):\n",
    "    k_ary, means, cov, pi = k_means(k_ary, image_resize, means)\n",
    "\n",
    "print ('======================================')\n",
    "print ('kmeans - means = \\n',means)\n",
    "print ('kmeans - cov = \\n',cov)\n",
    "print ('kmeans - pi = \\n',pi)\n",
    "\n",
    "# print(means[0,:])\n",
    "# print(cov[0,:,:])"
   ]
  },
  {
   "cell_type": "code",
   "execution_count": null,
   "metadata": {},
   "outputs": [
    {
     "name": "stdout",
     "output_type": "stream",
     "text": [
      "Start EM Algorithm\n",
      "iter =  0\n",
      "EM - means = \n",
      " [[  83.68631777   47.07439096    9.82555618]\n",
      " [ 106.28125898   96.21334781   17.18096974]\n",
      " [ 226.09836314   63.39656614    8.80273694]\n",
      " [ 233.46101985  202.17385048   37.5688176 ]\n",
      " [ 224.69165863  227.24031666  211.69562805]\n",
      " [ 209.87067688  191.12391458  154.69156381]\n",
      " [ 215.53691817  162.08021545   68.82731127]\n",
      " [  87.6184366    78.1633829    55.62516664]\n",
      " [ 170.60052325   52.22348673   13.0676705 ]\n",
      " [  49.98018359  112.70687026  204.91489071]\n",
      " [  54.71891561   40.98382656    3.46566204]\n",
      " [ 125.30540237   22.2153178     4.27288551]\n",
      " [ 164.43292102  134.82080439   45.94448117]\n",
      " [  43.72926706   42.09766243   35.60341173]\n",
      " [  64.3015281    10.02955671    1.77087843]\n",
      " [ 155.69126063  154.10020695  120.67030526]\n",
      " [  37.96695756   28.08557241    3.26951549]\n",
      " [  21.15494507   12.06729721    2.01872479]\n",
      " [ 129.54389073  116.11921589   71.22890903]\n",
      " [   4.33363627    2.36606862    1.49084697]]\n",
      "EM - cov = \n",
      " [[[ 100.19308172   -8.64840736   -4.67556145]\n",
      "  [  -8.64840736  128.9601485    52.49134473]\n",
      "  [  -4.67556145   52.49134473   89.86401467]]\n",
      "\n",
      " [[ 227.32900251  125.19872452   70.46973544]\n",
      "  [ 125.19872452  248.51668972    6.65206227]\n",
      "  [  70.46973544    6.65206227  148.15033221]]\n",
      "\n",
      " [[ 215.85573123   -1.69824444    7.10374792]\n",
      "  [  -1.69824444  100.42152482  103.12335066]\n",
      "  [   7.10374792  103.12335066  135.92860688]]\n",
      "\n",
      " [[ 290.45753957  205.60059511   35.51439508]\n",
      "  [ 205.60059511  565.17972796  237.30439893]\n",
      "  [  35.51439508  237.30439893  339.30699254]]\n",
      "\n",
      " [[ 431.76144237   12.89083938  -47.60692786]\n",
      "  [  12.89083938  167.84553569  191.02847701]\n",
      "  [ -47.60692786  191.02847701  303.71513131]]\n",
      "\n",
      " [[ 418.15273172   92.4075505  -134.43959013]\n",
      "  [  92.4075505   203.88538669   95.79409349]\n",
      "  [-134.43959013   95.79409349  482.62398824]]\n",
      "\n",
      " [[ 232.04256939 -181.7405734    -1.61126296]\n",
      "  [-181.7405734   574.23905625  102.04717176]\n",
      "  [  -1.61126296  102.04717176  485.91153609]]\n",
      "\n",
      " [[ 310.85414247   79.94191497 -133.0092734 ]\n",
      "  [  79.94191497  152.92545908  137.80235464]\n",
      "  [-133.0092734   137.80235464  507.28461223]]\n",
      "\n",
      " [[ 388.74960457  -76.07392001  -77.41148425]\n",
      "  [ -76.07392001  331.57112063  154.75684132]\n",
      "  [ -77.41148425  154.75684132  169.78798138]]\n",
      "\n",
      " [[ 850.57961741  415.5957848  -257.94412673]\n",
      "  [ 415.5957848   292.36122725   82.87819579]\n",
      "  [-257.94412673   82.87819579  637.41906092]]\n",
      "\n",
      " [[  43.77512158   14.4018771     5.59872876]\n",
      "  [  14.4018771    43.943156      7.7873321 ]\n",
      "  [   5.59872876    7.7873321    23.54288115]]\n",
      "\n",
      " [[ 365.81983999   74.12718736   -2.36171575]\n",
      "  [  74.12718736  184.35004987   36.9754177 ]\n",
      "  [  -2.36171575   36.9754177    31.16324328]]\n",
      "\n",
      " [[ 315.3225873   101.32244547   11.00714788]\n",
      "  [ 101.32244547  399.00634535  -92.84643509]\n",
      "  [  11.00714788  -92.84643509  384.06495285]]\n",
      "\n",
      " [[ 388.06328124  220.292026    -28.87853077]\n",
      "  [ 220.292026    197.89074786   63.57479891]\n",
      "  [ -28.87853077   63.57479891  208.418706  ]]\n",
      "\n",
      " [[ 303.48791283   74.90951812   11.40418454]\n",
      "  [  74.90951812   94.93520941   16.28694855]\n",
      "  [  11.40418454   16.28694855   12.55819121]]\n",
      "\n",
      " [[ 655.43263164  182.53382523 -168.49146806]\n",
      "  [ 182.53382523  220.49892814  131.57943887]\n",
      "  [-168.49146806  131.57943887  502.59098139]]\n",
      "\n",
      " [[  38.86545922   12.19326949   -3.51274782]\n",
      "  [  12.19326949   35.60305274    4.20226571]\n",
      "  [  -3.51274782    4.20226571   26.81329044]]\n",
      "\n",
      " [[  38.76955279    4.60010532   -2.88333805]\n",
      "  [   4.60010532   30.91070005    8.25146091]\n",
      "  [  -2.88333805    8.25146091   14.51049696]]\n",
      "\n",
      " [[ 243.03996611  116.87079491  -29.65220964]\n",
      "  [ 116.87079491  194.76116012   75.76258171]\n",
      "  [ -29.65220964   75.76258171  372.97578506]]\n",
      "\n",
      " [[  18.03724193    3.94597622   -2.27242706]\n",
      "  [   3.94597622    7.15970555    1.95674625]\n",
      "  [  -2.27242706    1.95674625    9.8942601 ]]]\n",
      "EMs - pi = \n",
      " [ 0.04359906  0.06749093  0.05445311  0.06676718  0.1070979   0.14465019\n",
      "  0.06458015  0.01944309  0.01824791  0.0091222   0.04748747  0.01363482\n",
      "  0.04189908  0.01697751  0.00870319  0.05095142  0.05388433  0.07930012\n",
      "  0.03520095  0.05650935]\n",
      "=========================================\n",
      "iter =  1\n",
      "EM - means = \n",
      " [[  82.98194171   45.78985676    9.32379966]\n",
      " [ 105.21474812   95.96994828   17.03389704]\n",
      " [ 226.34571147   62.8352982     8.27775186]\n",
      " [ 233.01028744  201.62258487   37.69873681]\n",
      " [ 224.86926741  227.25450806  211.7894398 ]\n",
      " [ 209.61658142  191.14134284  155.25406708]\n",
      " [ 216.54546257  161.47363251   67.99214724]\n",
      " [  88.77504715   77.67566653   54.01360667]\n",
      " [ 169.73325515   53.75941078   13.96633856]\n",
      " [  50.30903678  113.07060788  205.45965462]\n",
      " [  54.18198895   40.73166564    2.8858553 ]\n",
      " [ 126.37023087   21.28818432    3.72174792]\n",
      " [ 164.12213684  134.64464026   46.55960077]\n",
      " [  41.5731292    38.71166772   30.98049818]\n",
      " [  59.59866843    8.96313267    1.31321416]\n",
      " [ 156.9064057   154.1282492   119.17453932]\n",
      " [  37.87851142   28.13315517    2.9029478 ]\n",
      " [  20.72906383   11.79170177    1.66527056]\n",
      " [ 129.96504913  116.45227902   69.53978789]\n",
      " [   4.06132965    2.15197491    1.24758583]]\n",
      "EM - cov = \n",
      " [[[ 109.53592947   -6.80498067   -6.66147802]\n",
      "  [  -6.80498067  115.87684911   48.56957551]\n",
      "  [  -6.66147802   48.56957551   80.6918398 ]]\n",
      "\n",
      " [[ 240.50568671  159.71105507   69.5380209 ]\n",
      "  [ 159.71105507  273.50040585    4.67933406]\n",
      "  [  69.5380209     4.67933406  144.79993395]]\n",
      "\n",
      " [[ 216.81820086    1.3982165    11.17276939]\n",
      "  [   1.3982165    77.03599033   86.49049227]\n",
      "  [  11.17276939   86.49049227  120.63258711]]\n",
      "\n",
      " [[ 306.13894668  223.04812979   34.1963414 ]\n",
      "  [ 223.04812979  583.76302611  234.56593725]\n",
      "  [  34.1963414   234.56593725  340.78066723]]\n",
      "\n",
      " [[ 430.50242697    9.67385163  -49.70884438]\n",
      "  [   9.67385163  171.20686038  200.24572977]\n",
      "  [ -49.70884438  200.24572977  313.88818929]]\n",
      "\n",
      " [[ 426.40585778   98.80697177 -123.20715907]\n",
      "  [  98.80697177  216.62649511  124.71827615]\n",
      "  [-123.20715907  124.71827615  504.99711208]]\n",
      "\n",
      " [[ 214.7966277  -174.10398286    8.42182953]\n",
      "  [-174.10398286  692.15931687  164.38820728]\n",
      "  [   8.42182953  164.38820728  518.86238619]]\n",
      "\n",
      " [[ 399.16201023   91.24562652 -205.45607556]\n",
      "  [  91.24562652  175.33137109  176.39460902]\n",
      "  [-205.45607556  176.39460902  649.63604687]]\n",
      "\n",
      " [[ 509.9331847   -82.87164118  -94.47327396]\n",
      "  [ -82.87164118  326.36887864  152.07773472]\n",
      "  [ -94.47327396  152.07773472  174.78611297]]\n",
      "\n",
      " [[ 889.01714318  438.06934817 -253.85487955]\n",
      "  [ 438.06934817  301.2896924    73.29608512]\n",
      "  [-253.85487955   73.29608512  601.58546803]]\n",
      "\n",
      " [[  43.54325136   17.58104695    5.26511156]\n",
      "  [  17.58104695   43.74567284    7.58608292]\n",
      "  [   5.26511156    7.58608292   16.98510684]]\n",
      "\n",
      " [[ 477.9356126    87.96618598  -10.73763243]\n",
      "  [  87.96618598  155.91752786   22.87297399]\n",
      "  [ -10.73763243   22.87297399   21.37997134]]\n",
      "\n",
      " [[ 326.01084837  139.17151503   12.97509339]\n",
      "  [ 139.17151503  462.86171052  -95.21226211]\n",
      "  [  12.97509339  -95.21226211  383.16877834]]\n",
      "\n",
      " [[ 471.33219126  292.10930616   34.97673377]\n",
      "  [ 292.10930616  250.86778108   99.86320749]\n",
      "  [  34.97673377   99.86320749  207.7977343 ]]\n",
      "\n",
      " [[ 369.51129708   79.48130271   11.00985682]\n",
      "  [  79.48130271   87.32759105   13.82006987]\n",
      "  [  11.00985682   13.82006987    8.03190022]]\n",
      "\n",
      " [[ 728.90182713  221.08568791 -185.30491241]\n",
      "  [ 221.08568791  244.53565574  135.76354799]\n",
      "  [-185.30491241  135.76354799  528.11854496]]\n",
      "\n",
      " [[  41.51751246   15.99342591   -2.24844931]\n",
      "  [  15.99342591   36.24382786    3.14242486]\n",
      "  [  -2.24844931    3.14242486   20.11121554]]\n",
      "\n",
      " [[  40.82446572    9.72584994   -1.71907794]\n",
      "  [   9.72584994   29.58749414    4.78619234]\n",
      "  [  -1.71907794    4.78619234    8.79394231]]\n",
      "\n",
      " [[ 258.21470449  146.17329936  -12.36030612]\n",
      "  [ 146.17329936  210.93644224   89.50332836]\n",
      "  [ -12.36030612   89.50332836  394.03905703]]\n",
      "\n",
      " [[  15.81678714    3.71354792   -1.58364319]\n",
      "  [   3.71354792    5.64218975    1.13640081]\n",
      "  [  -1.58364319    1.13640081    6.60445411]]]\n",
      "EMs - pi = \n",
      " [ 0.04271332  0.06769439  0.05304199  0.06749315  0.10543444  0.14635933\n",
      "  0.06347422  0.02044506  0.01897194  0.00909249  0.04545852  0.01399021\n",
      "  0.0411077   0.02281522  0.00975074  0.05286109  0.05129801  0.07917898\n",
      "  0.03592064  0.05289855]\n",
      "=========================================\n",
      "iter =  2\n",
      "EM - means = \n",
      " [[  82.30495294   44.75054952    8.80299916]\n",
      " [ 104.24806717   95.86652683   16.72535181]\n",
      " [ 226.71146893   62.32023555    7.65613404]\n",
      " [ 232.67756745  201.14024796   37.47808974]\n",
      " [ 225.03256941  227.41870824  212.0518373 ]\n",
      " [ 209.4119539   191.0649599   155.90668939]\n",
      " [ 217.54831644  161.34932026   68.27704743]\n",
      " [  89.72025563   77.22725226   52.82530999]\n",
      " [ 169.05532981   55.1967161    14.8675416 ]\n",
      " [  50.15361379  113.3614825   206.56423904]\n",
      " [  53.72653728   40.48804188    2.37644348]\n",
      " [ 127.54833994   20.52948173    3.29049266]\n",
      " [ 164.11064663  134.82809532   46.72180115]\n",
      " [  39.84349225   36.10915888   27.10313437]\n",
      " [  55.35654354    7.97376818    0.85567535]\n",
      " [ 157.72538265  154.26396623  118.23174172]\n",
      " [  37.79038998   28.13591244    2.58387724]\n",
      " [  20.34809433   11.53654482    1.36679259]\n",
      " [ 130.24589801  116.71288965   68.38911518]\n",
      " [   3.69309005    1.91305793    1.0617281 ]]\n",
      "EM - cov = \n",
      " [[[  1.21103916e+02  -4.86514293e+00  -8.07188730e+00]\n",
      "  [ -4.86514293e+00   1.02151478e+02   4.12032186e+01]\n",
      "  [ -8.07188730e+00   4.12032186e+01   7.05978566e+01]]\n",
      "\n",
      " [[  2.52568700e+02   1.90313483e+02   6.38596740e+01]\n",
      "  [  1.90313483e+02   2.92344803e+02   3.96159674e+00]\n",
      "  [  6.38596740e+01   3.96159674e+00   1.38611734e+02]]\n",
      "\n",
      " [[  2.13957617e+02   4.66535825e+00   1.60936740e+01]\n",
      "  [  4.66535825e+00   5.86275045e+01   6.83706077e+01]\n",
      "  [  1.60936740e+01   6.83706077e+01   1.01588797e+02]]\n",
      "\n",
      " [[  3.18172743e+02   2.33442484e+02   3.40584307e+01]\n",
      "  [  2.33442484e+02   5.89947548e+02   2.25131073e+02]\n",
      "  [  3.40584307e+01   2.25131073e+02   3.24496252e+02]]\n",
      "\n",
      " [[  4.31023625e+02   6.82356518e+00  -5.27898961e+01]\n",
      "  [  6.82356518e+00   1.70340373e+02   2.01770192e+02]\n",
      "  [ -5.27898961e+01   2.01770192e+02   3.15216926e+02]]\n",
      "\n",
      " [[  4.29609571e+02   1.02079072e+02  -1.10846183e+02]\n",
      "  [  1.02079072e+02   2.22798088e+02   1.50476359e+02]\n",
      "  [ -1.10846183e+02   1.50476359e+02   5.14853612e+02]]\n",
      "\n",
      " [[  2.00456846e+02  -1.54952612e+02   2.03941524e+01]\n",
      "  [ -1.54952612e+02   8.41060208e+02   2.55789123e+02]\n",
      "  [  2.03941524e+01   2.55789123e+02   5.54102136e+02]]\n",
      "\n",
      " [[  5.06848782e+02   1.18553407e+02  -2.81089760e+02]\n",
      "  [  1.18553407e+02   1.98861994e+02   1.90745544e+02]\n",
      "  [ -2.81089760e+02   1.90745544e+02   7.65493810e+02]]\n",
      "\n",
      " [[  6.47708058e+02  -7.05664854e+01  -1.11543203e+02]\n",
      "  [ -7.05664854e+01   3.09228408e+02   1.45793969e+02]\n",
      "  [ -1.11543203e+02   1.45793969e+02   1.77473304e+02]]\n",
      "\n",
      " [[  9.02502833e+02   4.50134669e+02  -2.39024619e+02]\n",
      "  [  4.50134669e+02   3.02395577e+02   5.86492172e+01]\n",
      "  [ -2.39024619e+02   5.86492172e+01   5.34109782e+02]]\n",
      "\n",
      " [[  4.24401360e+01   2.02405357e+01   4.60584168e+00]\n",
      "  [  2.02405357e+01   4.32059726e+01   6.53493425e+00]\n",
      "  [  4.60584168e+00   6.53493425e+00   1.19436024e+01]]\n",
      "\n",
      " [[  6.24953946e+02   1.09325263e+02  -2.07021991e+01]\n",
      "  [  1.09325263e+02   1.32119374e+02   1.21709030e+01]\n",
      "  [ -2.07021991e+01   1.21709030e+01   1.51557921e+01]]\n",
      "\n",
      " [[  3.34673525e+02   1.79705191e+02   1.44049384e+01]\n",
      "  [  1.79705191e+02   5.19223989e+02  -9.33841059e+01]\n",
      "  [  1.44049384e+01  -9.33841059e+01   3.74652109e+02]]\n",
      "\n",
      " [[  5.08217477e+02   3.34450616e+02   9.19421641e+01]\n",
      "  [  3.34450616e+02   2.84461029e+02   1.28829987e+02]\n",
      "  [  9.19421641e+01   1.28829987e+02   1.94124002e+02]]\n",
      "\n",
      " [[  4.15977983e+02   7.31903684e+01   7.96586512e+00]\n",
      "  [  7.31903684e+01   7.54771201e+01   9.72823498e+00]\n",
      "  [  7.96586512e+00   9.72823498e+00   4.18044166e+00]]\n",
      "\n",
      " [[  7.85815783e+02   2.51572269e+02  -2.04367825e+02]\n",
      "  [  2.51572269e+02   2.64338990e+02   1.33870774e+02]\n",
      "  [ -2.04367825e+02   1.33870774e+02   5.45923669e+02]]\n",
      "\n",
      " [[  4.34182651e+01   1.82761415e+01  -2.24568933e+00]\n",
      "  [  1.82761415e+01   3.66337627e+01   1.79360671e+00]\n",
      "  [ -2.24568933e+00   1.79360671e+00   1.51874854e+01]]\n",
      "\n",
      " [[  4.27259264e+01   1.38872232e+01  -1.01336864e+00]\n",
      "  [  1.38872232e+01   2.94115165e+01   2.76456223e+00]\n",
      "  [ -1.01336864e+00   2.76456223e+00   5.69718789e+00]]\n",
      "\n",
      " [[  2.70993194e+02   1.67337257e+02   8.66152888e+00]\n",
      "  [  1.67337257e+02   2.25603647e+02   1.01352715e+02]\n",
      "  [  8.66152888e+00   1.01352715e+02   4.03323250e+02]]\n",
      "\n",
      " [[  1.30380111e+01   2.96663566e+00  -1.23276117e+00]\n",
      "  [  2.96663566e+00   4.37773771e+00   5.52641754e-01]\n",
      "  [ -1.23276117e+00   5.52641754e-01   4.65897440e+00]]]\n",
      "EMs - pi = \n",
      " [ 0.04237664  0.06719301  0.05143815  0.06790807  0.10365885  0.14755259\n",
      "  0.06326283  0.02184294  0.01989131  0.00895751  0.04347041  0.01443066\n",
      "  0.0407287   0.02886256  0.01064854  0.05423224  0.04867528  0.07907491\n",
      "  0.03682702  0.04896775]\n",
      "=========================================\n"
     ]
    },
    {
     "name": "stdout",
     "output_type": "stream",
     "text": [
      "iter =  3\n",
      "EM - means = \n",
      " [[  81.55956445   43.88916152    8.25192039]\n",
      " [ 103.39336648   95.78376364   16.31727352]\n",
      " [ 227.1011538    61.84109101    7.0831216 ]\n",
      " [ 232.35088404  200.58003552   36.9037949 ]\n",
      " [ 225.19060046  227.70729934  212.43624829]\n",
      " [ 209.19811639  190.89448655  156.65590937]\n",
      " [ 218.62068751  162.00873137   69.67308239]\n",
      " [  90.66810544   77.15287865   52.09350462]\n",
      " [ 168.27200186   56.63456959   15.8779335 ]\n",
      " [  49.93504916  113.69319214  207.80143831]\n",
      " [  53.25937121   40.21968029    1.95523572]\n",
      " [ 129.31005551   20.29285999    3.07159886]\n",
      " [ 164.38364801  135.34849538   46.71510511]\n",
      " [  38.04551235   33.9049       24.23948225]\n",
      " [  51.26828113    6.99030622    0.47755969]\n",
      " [ 158.33228452  154.42030493  117.46038449]\n",
      " [  37.72441006   28.12187077    2.30106588]\n",
      " [  20.04494178   11.38433749    1.13794753]\n",
      " [ 130.40876789  116.90413853   67.50194857]\n",
      " [   3.33714997    1.70588057    0.90861508]]\n",
      "EM - cov = \n",
      " [[[  1.34525902e+02  -2.50766755e+00  -8.88499517e+00]\n",
      "  [ -2.50766755e+00   9.16604950e+01   3.30649335e+01]\n",
      "  [ -8.88499517e+00   3.30649335e+01   6.00962886e+01]]\n",
      "\n",
      " [[  2.65439481e+02   2.17871290e+02   5.60457340e+01]\n",
      "  [  2.17871290e+02   3.09618982e+02   4.33694689e+00]\n",
      "  [  5.60457340e+01   4.33694689e+00   1.30791184e+02]]\n",
      "\n",
      " [[  2.10558667e+02   9.59690019e+00   2.24008586e+01]\n",
      "  [  9.59690019e+00   4.55799286e+01   5.47378139e+01]\n",
      "  [  2.24008586e+01   5.47378139e+01   8.63438531e+01]]\n",
      "\n",
      " [[  3.30012342e+02   2.42783078e+02   3.47353681e+01]\n",
      "  [  2.42783078e+02   5.95391732e+02   2.12664187e+02]\n",
      "  [  3.47353681e+01   2.12664187e+02   2.93071092e+02]]\n",
      "\n",
      " [[  4.32442994e+02   3.57135868e+00  -5.62040911e+01]\n",
      "  [  3.57135868e+00   1.66174101e+02   1.98329040e+02]\n",
      "  [ -5.62040911e+01   1.98329040e+02   3.10810611e+02]]\n",
      "\n",
      " [[  4.30810981e+02   1.03547750e+02  -9.80417156e+01]\n",
      "  [  1.03547750e+02   2.23069118e+02   1.73886850e+02]\n",
      "  [ -9.80417156e+01   1.73886850e+02   5.19473759e+02]]\n",
      "\n",
      " [[  1.88631679e+02  -1.23672237e+02   3.28965357e+01]\n",
      "  [ -1.23672237e+02   1.01863356e+03   3.85282405e+02]\n",
      "  [  3.28965357e+01   3.85282405e+02   6.17883976e+02]]\n",
      "\n",
      " [[  5.96816181e+02   1.53695068e+02  -3.31989491e+02]\n",
      "  [  1.53695068e+02   2.22124357e+02   1.90974972e+02]\n",
      "  [ -3.31989491e+02   1.90974972e+02   8.36708244e+02]]\n",
      "\n",
      " [[  7.91517010e+02  -3.63307097e+01  -1.19652951e+02]\n",
      "  [ -3.63307097e+01   2.92538157e+02   1.39831272e+02]\n",
      "  [ -1.19652951e+02   1.39831272e+02   1.80886179e+02]]\n",
      "\n",
      " [[  9.11392030e+02   4.59755304e+02  -2.24145214e+02]\n",
      "  [  4.59755304e+02   2.99892745e+02   4.00700189e+01]\n",
      "  [ -2.24145214e+02   4.00700189e+01   4.60972399e+02]]\n",
      "\n",
      " [[  4.08380048e+01   2.24911430e+01   3.72595301e+00]\n",
      "  [  2.24911430e+01   4.20867975e+01   5.27592794e+00]\n",
      "  [  3.72595301e+00   5.27592794e+00   8.38232521e+00]]\n",
      "\n",
      " [[  8.19557634e+02   1.42017813e+02  -3.09323286e+01]\n",
      "  [  1.42017813e+02   1.18069450e+02   6.42650809e+00]\n",
      "  [ -3.09323286e+01   6.42650809e+00   1.30663387e+01]]\n",
      "\n",
      " [[  3.45483377e+02   2.21845518e+02   1.55789687e+01]\n",
      "  [  2.21845518e+02   5.69878559e+02  -9.12293303e+01]\n",
      "  [  1.55789687e+01  -9.12293303e+01   3.62851857e+02]]\n",
      "\n",
      " [[  5.28520030e+02   3.61851830e+02   1.27364676e+02]\n",
      "  [  3.61851830e+02   3.07123490e+02   1.47564129e+02]\n",
      "  [  1.27364676e+02   1.47564129e+02   1.83920482e+02]]\n",
      "\n",
      " [[  4.63559499e+02   6.25165049e+01   4.28490663e+00]\n",
      "  [  6.25165049e+01   6.11530612e+01   5.27765825e+00]\n",
      "  [  4.28490663e+00   5.27765825e+00   1.68353302e+00]]\n",
      "\n",
      " [[  8.34548841e+02   2.77988993e+02  -2.25967184e+02]\n",
      "  [  2.77988993e+02   2.82107713e+02   1.28278466e+02]\n",
      "  [ -2.25967184e+02   1.28278466e+02   5.58777881e+02]]\n",
      "\n",
      " [[  4.46288105e+01   1.94441835e+01  -2.10236429e+00]\n",
      "  [  1.94441835e+01   3.69920359e+01   8.17861922e-01]\n",
      "  [ -2.10236429e+00   8.17861922e-01   1.14490013e+01]]\n",
      "\n",
      " [[  4.39489048e+01   1.77729092e+01  -1.73800496e-01]\n",
      "  [  1.77729092e+01   3.00217964e+01   1.78848754e+00]\n",
      "  [ -1.73800496e-01   1.78848754e+00   3.93033145e+00]]\n",
      "\n",
      " [[  2.82339255e+02   1.84149156e+02   3.06837899e+01]\n",
      "  [  1.84149156e+02   2.39780212e+02   1.13621684e+02]\n",
      "  [  3.06837899e+01   1.13621684e+02   4.10277932e+02]]\n",
      "\n",
      " [[  1.05116895e+01   2.18437291e+00  -1.07897216e+00]\n",
      "  [  2.18437291e+00   3.34594658e+00   2.05429889e-01]\n",
      "  [ -1.07897216e+00   2.05429889e-01   3.43656211e+00]]]\n",
      "EMs - pi = \n",
      " [ 0.04265274  0.06642581  0.04988691  0.06802336  0.10172495  0.14829263\n",
      "  0.06382863  0.02334241  0.02079964  0.00879578  0.04171066  0.01496002\n",
      "  0.0405732   0.03450347  0.01177101  0.05525334  0.04604391  0.07833021\n",
      "  0.03776381  0.0453175 ]\n",
      "=========================================\n",
      "iter =  4\n",
      "EM - means = \n",
      " [[  8.06351664e+01   4.32021286e+01   7.70515377e+00]\n",
      " [  1.02634869e+02   9.56739128e+01   1.58745308e+01]\n",
      " [  2.27459622e+02   6.14518611e+01   6.62147879e+00]\n",
      " [  2.32010433e+02   2.00042748e+02   3.63036116e+01]\n",
      " [  2.25343466e+02   2.28124457e+02   2.12937255e+02]\n",
      " [  2.08993336e+02   1.90709014e+02   1.57437764e+02]\n",
      " [  2.19667557e+02   1.62996534e+02   7.17409951e+01]\n",
      " [  9.15102920e+01   7.73158870e+01   5.16078988e+01]\n",
      " [  1.67401503e+02   5.80507862e+01   1.69545333e+01]\n",
      " [  4.98990918e+01   1.14145704e+02   2.09021579e+02]\n",
      " [  5.27500137e+01   3.99127642e+01   1.60405156e+00]\n",
      " [  1.32361799e+02   2.06388137e+01   2.93893861e+00]\n",
      " [  1.64910780e+02   1.36148737e+02   4.66692225e+01]\n",
      " [  3.64979465e+01   3.21119797e+01   2.21838481e+01]\n",
      " [  4.72337288e+01   6.15189735e+00   2.02374794e-01]\n",
      " [  1.58823285e+02   1.54586775e+02   1.16744398e+02]\n",
      " [  3.76277542e+01   2.80194173e+01   2.07013691e+00]\n",
      " [  1.97722464e+01   1.13338836e+01   9.55023922e-01]\n",
      " [  1.30514429e+02   1.17038065e+02   6.66827322e+01]\n",
      " [  3.03570395e+00   1.56281127e+00   8.05564059e-01]]\n",
      "EM - cov = \n",
      " [[[  1.49986775e+02   3.80129382e-01  -9.60910631e+00]\n",
      "  [  3.80129382e-01   8.46040832e+01   2.59006790e+01]\n",
      "  [ -9.60910631e+00   2.59006790e+01   5.03341410e+01]]\n",
      "\n",
      " [[  2.79483659e+02   2.43273083e+02   4.81730733e+01]\n",
      "  [  2.43273083e+02   3.28311340e+02   4.42323897e+00]\n",
      "  [  4.81730733e+01   4.42323897e+00   1.22318934e+02]]\n",
      "\n",
      " [[  2.06939641e+02   1.44765707e+01   2.87196533e+01]\n",
      "  [  1.44765707e+01   3.78023039e+01   4.64690637e+01]\n",
      "  [  2.87196533e+01   4.64690637e+01   7.65881133e+01]]\n",
      "\n",
      " [[  3.41214156e+02   2.51570579e+02   3.52240175e+01]\n",
      "  [  2.51570579e+02   6.02694774e+02   2.03973874e+02]\n",
      "  [  3.52240175e+01   2.03973874e+02   2.65202351e+02]]\n",
      "\n",
      " [[  4.35111990e+02  -4.48547353e-01  -5.99496363e+01]\n",
      "  [ -4.48547353e-01   1.58917833e+02   1.90859978e+02]\n",
      "  [ -5.99496363e+01   1.90859978e+02   3.02045317e+02]]\n",
      "\n",
      " [[  4.30639359e+02   1.05379354e+02  -8.53410461e+01]\n",
      "  [  1.05379354e+02   2.20128848e+02   1.92436703e+02]\n",
      "  [ -8.53410461e+01   1.92436703e+02   5.23115252e+02]]\n",
      "\n",
      " [[  1.79924104e+02  -9.20717774e+01   4.10334379e+01]\n",
      "  [ -9.20717774e+01   1.18332811e+03   5.25689035e+02]\n",
      "  [  4.10334379e+01   5.25689035e+02   7.08936726e+02]]\n",
      "\n",
      " [[  6.66627447e+02   1.91159705e+02  -3.60866762e+02]\n",
      "  [  1.91159705e+02   2.46293819e+02   1.89008817e+02]\n",
      "  [ -3.60866762e+02   1.89008817e+02   8.81060804e+02]]\n",
      "\n",
      " [[  9.45098438e+02   1.84375809e+01  -1.15636366e+02]\n",
      "  [  1.84375809e+01   2.79554122e+02   1.33228402e+02]\n",
      "  [ -1.15636366e+02   1.33228402e+02   1.83497491e+02]]\n",
      "\n",
      " [[  9.21811997e+02   4.66359602e+02  -2.20838296e+02]\n",
      "  [  4.66359602e+02   2.92820498e+02   1.46857738e+01]\n",
      "  [ -2.20838296e+02   1.46857738e+01   3.91785142e+02]]\n",
      "\n",
      " [[  3.89011547e+01   2.43784377e+01   2.77460219e+00]\n",
      "  [  2.43784377e+01   4.01996682e+01   3.96368838e+00]\n",
      "  [  2.77460219e+00   3.96368838e+00   5.91519720e+00]]\n",
      "\n",
      " [[  1.03021884e+03   1.87017057e+02  -3.86759233e+01]\n",
      "  [  1.87017057e+02   1.13729986e+02   2.61445152e+00]\n",
      "  [ -3.86759233e+01   2.61445152e+00   1.19711489e+01]]\n",
      "\n",
      " [[  3.59426262e+02   2.63601841e+02   1.69708489e+01]\n",
      "  [  2.63601841e+02   6.14027698e+02  -8.97967634e+01]\n",
      "  [  1.69708489e+01  -8.97967634e+01   3.49459039e+02]]\n",
      "\n",
      " [[  5.28159812e+02   3.71953101e+02   1.42642485e+02]\n",
      "  [  3.71953101e+02   3.18219712e+02   1.57443363e+02]\n",
      "  [  1.42642485e+02   1.57443363e+02   1.80803989e+02]]\n",
      "\n",
      " [[  5.42999498e+02   5.21174555e+01   1.82941519e+00]\n",
      "  [  5.21174555e+01   4.64945431e+01   1.80610335e+00]\n",
      "  [  1.82941519e+00   1.80610335e+00   4.44073513e-01]]\n",
      "\n",
      " [[  8.77651662e+02   3.01752696e+02  -2.49497134e+02]\n",
      "  [  3.01752696e+02   2.99282644e+02   1.20986717e+02]\n",
      "  [ -2.49497134e+02   1.20986717e+02   5.69085570e+02]]\n",
      "\n",
      " [[  4.55662769e+01   1.97629493e+01  -1.97448008e+00]\n",
      "  [  1.97629493e+01   3.78327972e+01  -3.60481878e-02]\n",
      "  [ -1.97448008e+00  -3.60481878e-02   8.73395995e+00]]\n",
      "\n",
      " [[  4.48742022e+01   2.13804462e+01   5.62766193e-01]\n",
      "  [  2.13804462e+01   3.07455657e+01   1.32218529e+00]\n",
      "  [  5.62766193e-01   1.32218529e+00   2.75895632e+00]]\n",
      "\n",
      " [[  2.91240284e+02   1.97749833e+02   5.31371655e+01]\n",
      "  [  1.97749833e+02   2.53744528e+02   1.27785954e+02]\n",
      "  [  5.31371655e+01   1.27785954e+02   4.18765873e+02]]\n",
      "\n",
      " [[  8.69660562e+00   1.65375529e+00  -1.06404764e+00]\n",
      "  [  1.65375529e+00   2.73025452e+00   6.73122669e-02]\n",
      "  [ -1.06404764e+00   6.73122669e-02   2.70815539e+00]]]\n",
      "EMs - pi = \n",
      " [ 0.04346232  0.06552979  0.04845314  0.0680793   0.09955564  0.14891363\n",
      "  0.06463931  0.02498737  0.02168007  0.00863228  0.04015228  0.0154344\n",
      "  0.040514    0.03933294  0.01357594  0.05600515  0.04361773  0.07646426\n",
      "  0.03869874  0.0422717 ]\n",
      "=========================================\n",
      "iter =  5\n"
     ]
    }
   ],
   "source": [
    "# for EM algorithm   \n",
    "likelihood = []\n",
    "iter_num = 10\n",
    "\n",
    "def Cal_mean(image, means, gamma_mat):\n",
    "    new_means = np.zeros((K_cluster,3))   \n",
    "    \n",
    "    for k in range(K_cluster):\n",
    "        r = 0.0\n",
    "        g = 0.0\n",
    "        b = 0.0\n",
    "        N_k = np.sum(gamma_mat[:,:,k])\n",
    "        for i in range(im_w_re):\n",
    "            for j in range(im_h_re):\n",
    "                r += image[i,j,0]*gamma_mat[i,j,k]\n",
    "                g += image[i,j,1]*gamma_mat[i,j,k]\n",
    "                b += image[i,j,2]*gamma_mat[i,j,k]\n",
    "        new_means[k,:] = np.array([r/N_k, g/N_k, b/N_k])\n",
    "    return new_means\n",
    "\n",
    "def Cal_cov(image, cov, means, gamma_mat):\n",
    "    new_cov = np.zeros_like(cov)\n",
    "    \n",
    "    for k in range(K_cluster):\n",
    "        val = new_cov[k,:,:]\n",
    "        N_k = np.sum(gamma_mat[:,:,k])\n",
    "        \n",
    "        for i in range(im_w_re):\n",
    "            for j in range(im_h_re):\n",
    "                tmp = np.dot((image[i,j,:] - means[k,:]).reshape((3,1)), (image[i,j,:] - means[k,:]).reshape((1,3)))\n",
    "                val += gamma_mat[i,j,k]*tmp\n",
    "        new_cov[k,:,:] = val/N_k\n",
    "    return new_cov\n",
    "\n",
    "def Cal_pi(pis,gamma_mat):\n",
    "    new_pis = np.zeros_like(pis)\n",
    "    \n",
    "    for k in range(K_cluster):\n",
    "        N_k = np.sum(gamma_mat[:,:,k])\n",
    "        new_pis[k] = N_k/float(im_w_re*im_h_re)\n",
    "    return new_pis\n",
    "    \n",
    "def Cal_gamma(pixel, k, means, cov, pis):\n",
    "    denom = 0.0\n",
    "    gamma = 0\n",
    "    nom = pis[k]*multivariate_normal.pdf(pixel, means[k,:], cov[k,:,:]+bias)\n",
    "    for i in range(K_cluster):\n",
    "        denom += pis[i]*multivariate_normal.pdf(pixel, means[i,:], cov[i,:,:]+bias)\n",
    "    \n",
