{
 "cells": [
  {
   "cell_type": "code",
   "execution_count": 1,
   "metadata": {
    "collapsed": true
   },
   "outputs": [],
   "source": [
    "import matplotlib.pyplot as plt\n",
    "\n",
    "from PIL import Image\n",
    "from scipy.misc import imread\n",
    "from scipy.misc import imsave\n",
    "import numpy as np\n",
    "from scipy.stats import multivariate_normal\n",
    "import math"
   ]
  },
  {
   "cell_type": "code",
   "execution_count": 2,
   "metadata": {},
   "outputs": [],
   "source": [
    "## Read image\n",
    "data_path = './Dataset/hw3_img.jpg'\n",
    "img = Image.open(data_path) # Image object\n",
    "image = np.array(img) # Array\n",
    "\n",
    "# get shape\n",
    "im_w = image.shape[0]\n",
    "im_h = image.shape[1]\n",
    "\n",
    "resize_ratio = 0.1\n",
    "img_resize = img.resize((int(im_h*resize_ratio), int(im_w*resize_ratio))) # Image object\n",
    "image_resize = np.array(img_resize) # Array\n",
    "\n",
    "# get shape\n",
    "im_w_re = image_resize.shape[0]\n",
    "im_h_re = image_resize.shape[1]\n",
    "\n",
    "## Normalize pixel value to 0 - 1\n",
    "im = image/255.0\n",
    "\n",
    "## Avoid sigular matrix of Cov_mat\n",
    "bias = 0.0001\n",
    "\n",
    "\n",
    "# print(im_w,im_h)\n",
    "# print(im_w_re,im_h_re)\n",
    "# print(image.shape)\n",
    "# print(image_resize.shape)"
   ]
  },
  {
   "cell_type": "code",
   "execution_count": 3,
   "metadata": {},
   "outputs": [],
   "source": [
    "# setting para.\n",
    "K_cluster = 10\n",
    "means = np.zeros((K_cluster,3))\n",
    "for i in range(5):\n",
    "    for j in range(3):\n",
    "        means[i,j] = i\n",
    "k_ary = np.zeros((im_w_re,im_h_re))"
   ]
  },
  {
   "cell_type": "code",
   "execution_count": 4,
   "metadata": {},
   "outputs": [
    {
     "name": "stderr",
     "output_type": "stream",
     "text": [
      "/Users/huitinghong/anaconda3/lib/python3.6/site-packages/ipykernel_launcher.py:46: RuntimeWarning: invalid value encountered in true_divide\n"
     ]
    },
    {
     "name": "stdout",
     "output_type": "stream",
     "text": [
      "======================================\n",
      "kmeans - means = \n",
      " [[  97.55789474   41.21403509    9.16842105]\n",
      " [ 107.12486188   94.84309392   28.43535912]\n",
      " [ 217.66151468   63.02472952   10.53323029]\n",
      " [ 225.0539823   184.63628319   48.6699115 ]\n",
      " [ 224.10869565  226.34026465  210.38846881]\n",
      " [ 206.71261199  187.40179187  149.02963473]\n",
      " [ 156.60991105  135.20330368   72.81067344]\n",
      " [  92.77777778  132.03555556  161.91555556]\n",
      " [  48.55422794   35.66544118    7.54227941]\n",
      " [  15.11070111    8.81549815    2.43542435]]\n",
      "kmeans - cov = \n",
      " [[[  5.40772964e+02  -1.60366777e+02  -5.03571191e+01]\n",
      "  [ -1.60366777e+02   2.73533136e+02   8.49411450e+01]\n",
      "  [ -5.03571191e+01   8.49411450e+01   1.13469880e+02]]\n",
      "\n",
      " [[  3.50712586e+02   1.36304674e+02  -2.85471774e+01]\n",
      "  [  1.36304674e+02   2.58485878e+02  -5.95316895e+01]\n",
      "  [ -2.85471774e+01  -5.95316895e+01   4.78334219e+02]]\n",
      "\n",
      " [[  5.18199183e+02   9.03623118e+01  -1.59539809e+00]\n",
      "  [  9.03623118e+01   2.56849466e+02   1.58317571e+02]\n",
      "  [ -1.59539809e+00   1.58317571e+02   1.90310720e+02]]\n",
      "\n",
      " [[  3.49732484e+02   2.09198395e+02  -4.43016501e+01]\n",
      "  [  2.09198395e+02   8.63077445e+02  -1.05708554e+02]\n",
      "  [ -4.43016501e+01  -1.05708554e+02   5.05410511e+02]]\n",
      "\n",
      " [[  4.36620510e+02   2.91567765e+01  -4.96140585e+01]\n",
      "  [  2.91567765e+01   1.75721649e+02   1.82035115e+02]\n",
      "  [ -4.96140585e+01   1.82035115e+02   3.14986143e+02]]\n",
      "\n",
      " [[  4.79996664e+02   1.26584802e+02  -8.97268383e+01]\n",
      "  [  1.26584802e+02   2.28207275e+02   1.03366453e+02]\n",
      "  [ -8.97268383e+01   1.03366453e+02   4.87278929e+02]]\n",
      "\n",
      " [[  4.24182011e+02   1.38755291e+02  -4.08133714e+01]\n",
      "  [  1.38755291e+02   3.04926901e+02   1.01366318e+02]\n",
      "  [ -4.08133714e+01   1.01366318e+02   7.21114092e+02]]\n",
      "\n",
      " [[  1.59591506e+03   8.48727901e+02  -1.05327210e+03]\n",
      "  [  8.48727901e+02   6.41847625e+02  -2.43005886e+02]\n",
      "  [ -1.05327210e+03  -2.43005886e+02   1.54117954e+03]]\n",
      "\n",
      " [[  1.22794853e+02   4.49777013e+01   1.13879183e+00]\n",
      "  [  4.49777013e+01   1.26546159e+02   6.07476008e+01]\n",
      "  [  1.13879183e+00   6.07476008e+01   1.61930198e+02]]\n",
      "\n",
      " [[  1.11665974e+02   4.67923803e+01  -5.30502853e+00]\n",
      "  [  4.67923803e+01   5.27792432e+01   1.45696355e+01]\n",
      "  [ -5.30502853e+00   1.45696355e+01   4.00155717e+01]]]\n",
      "kmeans - pi = \n",
      " [ 0.06184896  0.09819878  0.07020399  0.12261285  0.11480035  0.15744358\n",
      "  0.08539497  0.02441406  0.11805556  0.14702691]\n"
     ]
    }
   ],
   "source": [
    "# kmeans\n",
    "# for k means\n",
    "# means = np.zeros((1,3,2))\n",
    "# means[0,:,1]=np.array([1.0, 1.0, 1.0])\n",
    "\n",
    "\n",
    "def k_means(k_ary, image, means):    \n",
    "    # init\n",
    "    init_means = np.zeros_like(means)\n",
    "    init_cov = np.zeros((K_cluster,3,3))\n",
    "    init_pi = np.zeros(K_cluster)  \n",
    "    \n",
    "    # cal k-array\n",
    "    for i in range(im_w_re):\n",
    "        for j in range(im_h_re):\n",
    "            dist = np.zeros(K_cluster)\n",
    "            for k in range(K_cluster):\n",
    "                dist[k] = np.sum((image[i,j,:]-means[k,:])**2)\n",
    "            k_ary[i,j] = np.argmin(dist)  \n",
    "\n",
    "    # start update means\n",
    "    for k in range(K_cluster):\n",
    "        k_cluster_list = np.where(k_ary == k)\n",
    "        k_lst_L = len(k_cluster_list[0])\n",
    "        \n",
    "        # cal for pi\n",
    "        init_pi[k] = float(k_lst_L)/float((im_w_re*im_h_re))\n",
    "        \n",
    "        # use for create mean \n",
    "        if k_lst_L != 0:\n",
    "            R = image[:,:,0]\n",
    "            G = image[:,:,1]\n",
    "            B = image[:,:,2]\n",
    "            init_means[k,0] = float(R[k_cluster_list].sum())/k_lst_L\n",
    "            init_means[k,1] = float(G[k_cluster_list].sum())/k_lst_L\n",
    "            init_means[k,2] = float(B[k_cluster_list].sum())/k_lst_L\n",
    "            \n",
    "        # cal Cov.\n",
    "        N_k = k_lst_L\n",
    "        val = init_cov[k,:,:]\n",
    "        \n",
    "        for i in range(im_w_re):\n",
    "            for j in range(im_h_re):\n",
    "                if k_ary[i,j] == k:\n",
    "                    val += np.dot((image[i,j,:] - init_means[k,:]).reshape((3,1)), (image[i,j,:] - init_means[k,:]).reshape((1,3)))\n",
    "        init_cov[k,:,:] = val/N_k\n",
    "\n",
    "    return k_ary, init_means, init_cov, init_pi\n",
    "\n",
    "\n",
    "IterN = 100\n",
    "for i in range(IterN):\n",
    "    k_ary, means, cov, pi = k_means(k_ary, image_resize, means)\n",
    "\n",
    "print ('======================================')\n",
    "print ('kmeans - means = \\n',means)\n",
    "print ('kmeans - cov = \\n',cov)\n",
    "print ('kmeans - pi = \\n',pi)\n",
    "\n",
    "# print(means[0,:])\n",
    "# print(cov[0,:,:])"
   ]
  },
  {
   "cell_type": "code",
   "execution_count": 5,
   "metadata": {},
   "outputs": [
    {
     "name": "stdout",
     "output_type": "stream",
     "text": [
      "Start EM Algorithm\n",
      "iter =  0\n",
      "EM - means = \n",
      " [[  95.72213675   39.63387932    8.11369447]\n",
      " [ 104.90089995   93.48490788   28.77833142]\n",
      " [ 216.41831515   61.73004684   10.0059597 ]\n",
      " [ 224.68904013  182.29174323   49.71377142]\n",
      " [ 224.10192457  226.0764894   210.3040621 ]\n",
      " [ 206.62638991  187.76376313  149.96440671]\n",
      " [ 154.56406071  135.18304182   72.12424992]\n",
      " [  96.58385664  132.18887541  154.10499998]\n",
      " [  47.46508939   34.83120751    7.13568891]\n",
      " [  15.44666043    9.11436477    1.98357673]]\n",
      "EM - cov = \n",
      " [[[  6.40918333e+02  -1.28175382e+02  -2.23761643e+01]\n",
      "  [ -1.28175382e+02   3.06155541e+02   8.25758586e+01]\n",
      "  [ -2.23761643e+01   8.25758586e+01   8.36243980e+01]]\n",
      "\n",
      " [[  4.02985287e+02   2.25832333e+02  -2.82261032e+01]\n",
      "  [  2.25832333e+02   3.17196307e+02  -5.86287356e+01]\n",
      "  [ -2.82261032e+01  -5.86287356e+01   4.84470122e+02]]\n",
      "\n",
      " [[  5.92052618e+02   7.05660574e+01  -2.93492752e+01]\n",
      "  [  7.05660574e+01   1.73629025e+02   1.24737792e+02]\n",
      "  [ -2.93492752e+01   1.24737792e+02   1.63554733e+02]]\n",
      "\n",
      " [[  3.66822141e+02   2.40082921e+02  -4.65052157e+01]\n",
      "  [  2.40082921e+02   1.04464779e+03  -1.02074396e+02]\n",
      "  [ -4.65052157e+01  -1.02074396e+02   5.54177058e+02]]\n",
      "\n",
      " [[  4.29369044e+02   2.72605310e+01  -3.28778616e+01]\n",
      "  [  2.72605310e+01   1.92000936e+02   2.17784763e+02]\n",
      "  [ -3.28778616e+01   2.17784763e+02   3.36817204e+02]]\n",
      "\n",
      " [[  4.94039915e+02   1.47063508e+02  -7.04876003e+01]\n",
      "  [  1.47063508e+02   2.41808006e+02   1.56056937e+02]\n",
      "  [ -7.04876003e+01   1.56056937e+02   5.62183891e+02]]\n",
      "\n",
      " [[  4.42978257e+02   2.16530084e+02  -4.77528619e+01]\n",
      "  [  2.16530084e+02   3.48451209e+02   1.27447046e+02]\n",
      "  [ -4.77528619e+01   1.27447046e+02   8.82291003e+02]]\n",
      "\n",
      " [[  2.02987759e+03   1.14422446e+03  -1.22023720e+03]\n",
      "  [  1.14422446e+03   8.96809713e+02  -2.06988068e+02]\n",
      "  [ -1.22023720e+03  -2.06988068e+02   1.95927993e+03]]\n",
      "\n",
      " [[  1.53332081e+02   7.13893469e+01  -7.32615907e+00]\n",
      "  [  7.13893469e+01   1.26609617e+02   3.85101393e+01]\n",
      "  [ -7.32615907e+00   3.85101393e+01   1.29234001e+02]]\n",
      "\n",
      " [[  1.18644087e+02   6.13799348e+01   2.17461010e-01]\n",
      "  [  6.13799348e+01   5.60186739e+01   7.91004143e+00]\n",
      "  [  2.17461010e-01   7.91004143e+00   1.57345328e+01]]]\n",
      "EMs - pi = \n",
      " [ 0.06379574  0.09993348  0.06903734  0.12757579  0.11218486  0.15910796\n",
      "  0.0836181   0.02660241  0.11246508  0.14567925]\n",
      "=========================================\n",
      "iter =  1\n",
      "EM - means = \n",
      " [[  95.53415634   38.07085972    7.19800168]\n",
      " [ 103.26602001   92.42758514   28.33499996]\n",
      " [ 216.67090257   61.33208864    9.53038331]\n",
      " [ 224.48057027  181.02335473   50.13681455]\n",
      " [ 224.21200975  226.11752137  210.51801752]\n",
      " [ 206.65857576  187.85561147  150.73538547]\n",
      " [ 153.63105654  134.97627364   72.06901134]\n",
      " [ 100.97272549  134.00229599  148.73281685]\n",
      " [  46.20450546   34.2598648     7.0433161 ]\n",
      " [  15.668862      9.25541262    1.56012659]]\n",
      "EM - cov = \n",
      " [[[  7.73949007e+02  -6.25432718e+01   5.70614521e-01]\n",
      "  [ -6.25432718e+01   3.21726208e+02   7.55804444e+01]\n",
      "  [  5.70614521e-01   7.55804444e+01   6.70643220e+01]]\n",
      "\n",
      " [[  4.39388248e+02   2.95792822e+02  -2.10577581e+01]\n",
      "  [  2.95792822e+02   3.79520623e+02  -6.20557914e+01]\n",
      "  [ -2.10577581e+01  -6.20557914e+01   4.43811635e+02]]\n",
      "\n",
      " [[  5.94125416e+02   5.13049487e+01  -4.31916976e+01]\n",
      "  [  5.13049487e+01   1.35542271e+02   1.00310194e+02]\n",
      "  [ -4.31916976e+01   1.00310194e+02   1.43931163e+02]]\n",
      "\n",
      " [[  3.73532293e+02   2.66918690e+02  -4.87957394e+01]\n",
      "  [  2.66918690e+02   1.14508567e+03  -9.04796182e+01]\n",
      "  [ -4.87957394e+01  -9.04796182e+01   5.72399161e+02]]\n",
      "\n",
      " [[  4.30548627e+02   2.45492688e+01  -3.33887963e+01]\n",
      "  [  2.45492688e+01   1.97011727e+02   2.29237209e+02]\n",
      "  [ -3.33887963e+01   2.29237209e+02   3.47448145e+02]]\n",
      "\n",
      " [[  4.93999241e+02   1.56423800e+02  -5.04756474e+01]\n",
      "  [  1.56423800e+02   2.54448815e+02   1.95055249e+02]\n",
      "  [ -5.04756474e+01   1.95055249e+02   5.97729848e+02]]\n",
      "\n",
      " [[  4.60498309e+02   2.61171559e+02  -5.05498284e+01]\n",
      "  [  2.61171559e+02   3.88921178e+02   1.40022753e+02]\n",
      "  [ -5.05498284e+01   1.40022753e+02   9.29560384e+02]]\n",
      "\n",
      " [[  2.46412795e+03   1.50274989e+03  -1.27075648e+03]\n",
      "  [  1.50274989e+03   1.22521994e+03  -1.56774450e+02]\n",
      "  [ -1.27075648e+03  -1.56774450e+02   2.19598842e+03]]\n",
      "\n",
      " [[  1.85269338e+02   9.79722513e+01  -2.26901434e+01]\n",
      "  [  9.79722513e+01   1.32034022e+02   2.04080705e+01]\n",
      "  [ -2.26901434e+01   2.04080705e+01   1.10260374e+02]]\n",
      "\n",
      " [[  1.26511049e+02   6.99268573e+01  -4.36278169e-01]\n",
      "  [  6.99268573e+01   5.90531838e+01   3.80071024e+00]\n",
      "  [ -4.36278169e-01   3.80071024e+00   8.32897119e+00]]]\n",
      "EMs - pi = \n",
      " [ 0.06583397  0.10165812  0.06724755  0.12980891  0.1097017   0.16045712\n",
      "  0.08326604  0.02904783  0.10976166  0.14321709]\n",
      "=========================================\n",
      "iter =  2\n",
      "EM - means = \n",
      " [[  95.44797211   37.01004291    6.5884754 ]\n",
      " [ 101.98328617   91.51178957   27.6521341 ]\n",
      " [ 217.77494252   61.20308268    9.12439105]\n",
      " [ 224.30994357  180.09117627   50.16398571]\n",
      " [ 224.39483825  226.36668836  210.89548231]\n",
      " [ 206.76771427  187.72996682  151.44927105]\n",
      " [ 152.94816477  134.45067569   72.16320393]\n",
      " [ 108.65024781  139.11923542  144.48375609]\n",
      " [  44.95553667   33.74945202    6.90984397]\n",
      " [  16.0510522     9.49709363    1.25137583]]\n",
      "EM - cov = \n",
      " [[[  9.47571885e+02   2.31211599e+01   2.08059621e+01]\n",
      "  [  2.31211599e+01   3.42669302e+02   7.16650351e+01]\n",
      "  [  2.08059621e+01   7.16650351e+01   5.72204263e+01]]\n",
      "\n",
      " [[  4.77221073e+02   3.60349490e+02  -1.71252662e+01]\n",
      "  [  3.60349490e+02   4.44824831e+02  -6.72796808e+01]\n",
      "  [ -1.71252662e+01  -6.72796808e+01   3.98417440e+02]]\n",
      "\n",
      " [[  5.51888972e+02   4.04996955e+01  -4.32665363e+01]\n",
      "  [  4.04996955e+01   1.15457347e+02   8.74600298e+01]\n",
      "  [ -4.32665363e+01   8.74600298e+01   1.31500402e+02]]\n",
      "\n",
      " [[  3.80938348e+02   2.88336331e+02  -5.02609978e+01]\n",
      "  [  2.88336331e+02   1.20556366e+03  -9.08596950e+01]\n",
      "  [ -5.02609978e+01  -9.08596950e+01   5.71513520e+02]]\n",
      "\n",
      " [[  4.31422527e+02   2.05091557e+01  -3.73951622e+01]\n",
      "  [  2.05091557e+01   1.95627246e+02   2.30517362e+02]\n",
      "  [ -3.73951622e+01   2.30517362e+02   3.48391548e+02]]\n",
      "\n",
      " [[  4.90353857e+02   1.62042977e+02  -3.49814094e+01]\n",
      "  [  1.62042977e+02   2.56723118e+02   2.24538290e+02]\n",
      "  [ -3.49814094e+01   2.24538290e+02   6.22159884e+02]]\n",
      "\n",
      " [[  4.82929088e+02   2.98174842e+02  -5.44834980e+01]\n",
      "  [  2.98174842e+02   4.30587958e+02   1.48717489e+02]\n",
      "  [ -5.44834980e+01   1.48717489e+02   9.28596411e+02]]\n",
      "\n",
      " [[  3.10038493e+03   2.06193042e+03  -1.24552960e+03]\n",
      "  [  2.06193042e+03   1.72077966e+03  -1.10645961e+02]\n",
      "  [ -1.24552960e+03  -1.10645961e+02   2.28179553e+03]]\n",
      "\n",
      " [[  2.23693964e+02   1.27388911e+02  -3.44435527e+01]\n",
      "  [  1.27388911e+02   1.39918221e+02   5.84116773e+00]\n",
      "  [ -3.44435527e+01   5.84116773e+00   9.42988416e+01]]\n",
      "\n",
      " [[  1.35541353e+02   7.84886307e+01  -5.34114523e-01]\n",
      "  [  7.84886307e+01   6.43866455e+01   2.02160625e+00]\n",
      "  [ -5.34114523e-01   2.02160625e+00   5.16377368e+00]]]\n",
      "EMs - pi = \n",
      " [ 0.06902492  0.10306963  0.06511234  0.13060168  0.10717699  0.16104219\n",
      "  0.08336737  0.03272502  0.10677374  0.14110612]\n",
      "=========================================\n",
      "iter =  3\n",
      "EM - means = \n",
      " [[  95.33186686   36.22994313    6.18734624]\n",
      " [ 100.9158299    90.71314186   26.8872433 ]\n",
      " [ 219.38351169   61.15019727    8.75112531]\n",
      " [ 224.16841001  179.22304982   49.8718656 ]\n",
      " [ 224.62933498  226.81620431  211.4393664 ]\n",
      " [ 206.94589917  187.48713627  152.06222657]\n",
      " [ 152.16439392  133.53677751   72.22086456]\n",
      " [ 117.76715575  145.71828303  141.34125899]\n",
      " [  43.79422734   33.33722781    6.77546129]\n",
      " [  16.6136717     9.84913418    1.00810996]]\n",
      "EM - cov = \n",
      " [[[  1.16736862e+03   1.20699611e+02   3.87356230e+01]\n",
      "  [  1.20699611e+02   3.69119096e+02   7.07350189e+01]\n",
      "  [  3.87356230e+01   7.07350189e+01   5.12153230e+01]]\n",
      "\n",
      " [[  5.22632339e+02   4.24197414e+02  -1.77499977e+01]\n",
      "  [  4.24197414e+02   5.10895591e+02  -7.20275682e+01]\n",
      "  [ -1.77499977e+01  -7.20275682e+01   3.58066999e+02]]\n",
      "\n",
      " [[  4.84436128e+02   3.69269591e+01  -3.52623336e+01]\n",
      "  [  3.69269591e+01   1.01965477e+02   8.00861887e+01]\n",
      "  [ -3.52623336e+01   8.00861887e+01   1.22195405e+02]]\n",
      "\n",
      " [[  3.89140330e+02   3.05739461e+02  -5.03338401e+01]\n",
      "  [  3.05739461e+02   1.24622007e+03  -1.01910067e+02]\n",
      "  [ -5.03338401e+01  -1.01910067e+02   5.57209603e+02]]\n",
      "\n",
      " [[  4.31626140e+02   1.46971244e+01  -4.30981651e+01]\n",
      "  [  1.46971244e+01   1.88967115e+02   2.24572749e+02]\n",
      "  [ -4.30981651e+01   2.24572749e+02   3.41760075e+02]]\n",
      "\n",
      " [[  4.84094004e+02   1.66253748e+02  -2.11181984e+01]\n",
      "  [  1.66253748e+02   2.51216011e+02   2.45185387e+02]\n",
      "  [ -2.11181984e+01   2.45185387e+02   6.41080985e+02]]\n",
      "\n",
      " [[  5.11633303e+02   3.35637639e+02  -5.50697649e+01]\n",
      "  [  3.35637639e+02   4.77113354e+02   1.61444815e+02]\n",
      "  [ -5.50697649e+01   1.61444815e+02   9.06978934e+02]]\n",
      "\n",
      " [[  3.73788211e+03   2.61776844e+03  -1.16428091e+03]\n",
      "  [  2.61776844e+03   2.19876461e+03  -4.40863136e+01]\n",
      "  [ -1.16428091e+03  -4.40863136e+01   2.31886901e+03]]\n",
      "\n",
      " [[  2.65724174e+02   1.57254060e+02  -4.20315648e+01]\n",
      "  [  1.57254060e+02   1.46930479e+02  -6.11509143e+00]\n",
      "  [ -4.20315648e+01  -6.11509143e+00   8.03406782e+01]]\n",
      "\n",
      " [[  1.47286534e+02   8.86744848e+01  -2.61089522e-01]\n",
      "  [  8.86744848e+01   7.18993471e+01   1.18675518e+00]\n",
      "  [ -2.61089522e-01   1.18675518e+00   3.38658882e+00]]]\n",
      "EMs - pi = \n",
      " [ 0.07309615  0.10416504  0.06263587  0.13030865  0.10440405  0.16137108\n",
      "  0.08396251  0.03739397  0.10313014  0.13953254]\n",
      "=========================================\n",
      "iter =  4\n"
     ]
    },
    {
     "name": "stdout",
     "output_type": "stream",
     "text": [
      "EM - means = \n",
      " [[  95.56565673   35.62652166    5.93101744]\n",
      " [  99.90495737   89.94404212   26.10006921]\n",
      " [ 221.25649463   61.21980017    8.38043084]\n",
      " [ 224.0305191   178.45910476   49.50332781]\n",
      " [ 224.88936086  227.45241628  212.13873504]\n",
      " [ 207.13710356  187.30932412  152.58040745]\n",
      " [ 151.22987089  132.2880261    72.18196062]\n",
      " [ 124.59991978  150.4183985   139.04017795]\n",
      " [  42.74483055   32.92447568    6.60217817]\n",
      " [  17.35884058   10.34125744    0.80907714]]\n",
      "EM - cov = \n",
      " [[[  1.40847697e+03   2.05689982e+02   5.10617516e+01]\n",
      "  [  2.05689982e+02   3.88211632e+02   7.02432043e+01]\n",
      "  [  5.10617516e+01   7.02432043e+01   4.72688322e+01]]\n",
      "\n",
      " [[  5.78759275e+02   4.92407141e+02  -2.14403549e+01]\n",
      "  [  4.92407141e+02   5.79407874e+02  -7.61856375e+01]\n",
      "  [ -2.14403549e+01  -7.61856375e+01   3.23703776e+02]]\n",
      "\n",
      " [[  4.04799050e+02   3.38973231e+01  -2.15919487e+01]\n",
      "  [  3.38973231e+01   8.89323783e+01   7.43474339e+01]\n",
      "  [ -2.15919487e+01   7.43474339e+01   1.13306059e+02]]\n",
      "\n",
      " [[  3.97506463e+02   3.20489504e+02  -4.84946036e+01]\n",
      "  [  3.20489504e+02   1.28017367e+03  -1.11985765e+02]\n",
      "  [ -4.84946036e+01  -1.11985765e+02   5.42660135e+02]]\n",
      "\n",
      " [[  4.32921300e+02   7.43036759e+00  -4.98626988e+01]\n",
      "  [  7.43036759e+00   1.77524931e+02   2.12749878e+02]\n",
      "  [ -4.98626988e+01   2.12749878e+02   3.29159671e+02]]\n",
      "\n",
      " [[  4.76514804e+02   1.68956535e+02  -7.67760613e+00]\n",
      "  [  1.68956535e+02   2.44021709e+02   2.57997968e+02]\n",
      "  [ -7.67760613e+00   2.57997968e+02   6.55671453e+02]]\n",
      "\n",
      " [[  5.46092028e+02   3.76411544e+02  -4.56091838e+01]\n",
      "  [  3.76411544e+02   5.31594423e+02   1.84925278e+02]\n",
      "  [ -4.56091838e+01   1.84925278e+02   8.76853721e+02]]\n",
      "\n",
      " [[  4.15161979e+03   2.97015837e+03  -1.04494308e+03]\n",
      "  [  2.97015837e+03   2.49622203e+03   6.14739397e+01]\n",
      "  [ -1.04494308e+03   6.14739397e+01   2.39452040e+03]]\n",
      "\n",
      " [[  3.05709391e+02   1.87016838e+02  -4.52204431e+01]\n",
      "  [  1.87016838e+02   1.56078004e+02  -1.52189580e+01]\n",
      "  [ -4.52204431e+01  -1.52189580e+01   6.64429363e+01]]\n",
      "\n",
      " [[  1.62745813e+02   1.01151795e+02  -2.64754273e-02]\n",
      "  [  1.01151795e+02   8.17526817e+01   7.59618185e-01]\n",
      "  [ -2.64754273e-02   7.59618185e-01   2.22210038e+00]]]\n",
      "EMs - pi = \n",
      " [ 0.07715122  0.10512348  0.05992593  0.12971308  0.10133526  0.16230246\n",
      "  0.08492815  0.0418684   0.09873614  0.13891588]\n",
      "=========================================\n",
      "iter =  5\n",
      "EM - means = \n",
      " [[  96.54760945   35.24408689    5.80769277]\n",
      " [  98.97619424   89.27664283   25.31729701]\n",
      " [ 223.07140358   61.44188995    7.9955941 ]\n",
      " [ 223.88849316  177.79591022   49.178369  ]\n",
      " [ 225.15280244  228.19871446  212.94091108]\n",
      " [ 207.31213563  187.24109923  153.09281991]\n",
      " [ 150.16651776  130.80209648   72.07980832]\n",
      " [ 129.08907627  153.16974921  137.22180525]\n",
      " [  41.60890486   32.29990468    6.40979666]\n",
      " [  18.30132251   11.00631563    0.65527472]]\n",
      "EM - cov = \n",
      " [[[  1.63990444e+03   2.59896642e+02   5.72117626e+01]\n",
      "  [  2.59896642e+02   3.90708112e+02   6.87131921e+01]\n",
      "  [  5.72117626e+01   6.87131921e+01   4.47720528e+01]]\n",
      "\n",
      " [[  6.41342315e+02   5.63382935e+02  -2.58051560e+01]\n",
      "  [  5.63382935e+02   6.48132534e+02  -7.88031307e+01]\n",
      "  [ -2.58051560e+01  -7.88031307e+01   2.95122381e+02]]\n",
      "\n",
      " [[  3.34026950e+02   2.58464683e+01  -6.39990757e+00]\n",
      "  [  2.58464683e+01   7.34650583e+01   6.82156010e+01]\n",
      "  [ -6.39990757e+00   6.82156010e+01   1.04259019e+02]]\n",
      "\n",
      " [[  4.05601975e+02   3.34116826e+02  -4.44879197e+01]\n",
      "  [  3.34116826e+02   1.31520824e+03  -1.15969090e+02]\n",
      "  [ -4.44879197e+01  -1.15969090e+02   5.32150193e+02]]\n",
      "\n",
      " [[  4.36601180e+02  -1.44045893e-01  -5.69822546e+01]\n",
      "  [ -1.44045893e-01   1.62797379e+02   1.97225821e+02]\n",
      "  [ -5.69822546e+01   1.97225821e+02   3.12760424e+02]]\n",
      "\n",
      " [[  4.69540589e+02   1.70219219e+02   4.41100130e+00]\n",
      "  [  1.70219219e+02   2.37310620e+02   2.67032531e+02]\n",
      "  [  4.41100130e+00   2.67032531e+02   6.68537571e+02]]\n",
      "\n",
      " [[  5.84862542e+02   4.20853633e+02  -2.20175728e+01]\n",
      "  [  4.20853633e+02   5.91853218e+02   2.23213092e+02]\n",
      "  [ -2.20175728e+01   2.23213092e+02   8.48298517e+02]]\n",
      "\n",
      " [[  4.38473511e+03   3.17238014e+03  -9.05984981e+02]\n",
      "  [  3.17238014e+03   2.67330729e+03   1.90934838e+02]\n",
      "  [ -9.05984981e+02   1.90934838e+02   2.49654160e+03]]\n",
      "\n",
      " [[  3.40967795e+02   2.16497556e+02  -4.49279248e+01]\n",
      "  [  2.16497556e+02   1.71068856e+02  -2.04025836e+01]\n",
      "  [ -4.49279248e+01  -2.04025836e+01   5.39010619e+01]]\n",
      "\n",
      " [[  1.82418933e+02   1.16908217e+02   8.29597943e-02]\n",
      "  [  1.16908217e+02   9.47136026e+01   4.81113464e-01]\n",
      "  [  8.29597943e-02   4.81113464e-01   1.51577240e+00]]]\n",
      "EMs - pi = \n",
      " [ 0.08038759  0.10587207  0.0571512   0.12942246  0.0980916   0.16374454\n",
      "  0.08610237  0.04574583  0.09394373  0.13953861]\n",
      "=========================================\n",
      "iter =  6\n",
      "EM - means = \n",
      " [[  97.95377563   35.10608575    5.78868027]\n",
      " [  98.11828832   88.75137389   24.57198204]\n",
      " [ 224.63890813   61.64916495    7.59638178]\n",
      " [ 223.73221245  177.18501648   48.90740358]\n",
      " [ 225.41339023  228.98875809  213.79607738]\n",
      " [ 207.51557648  187.33602617  153.68303983]\n",
      " [ 148.9941721   129.15820129   71.95049204]\n",
      " [ 132.02496068  154.74352562  135.72922691]\n",
      " [  40.1052319    31.26714533    6.29816965]\n",
      " [  19.50637143   11.9209658     0.52860516]]\n",
      "EM - cov = \n",
      " [[[  1.84000082e+03   2.94975811e+02   5.97537365e+01]\n",
      "  [  2.94975811e+02   3.83921981e+02   6.68224573e+01]\n",
      "  [  5.97537365e+01   6.68224573e+01   4.34118040e+01]]\n",
      "\n",
      " [[  7.10062844e+02   6.37927174e+02  -2.87462173e+01]\n",
      "  [  6.37927174e+02   7.17115315e+02  -7.86352091e+01]\n",
      "  [ -2.87462173e+01  -7.86352091e+01   2.71908871e+02]]\n",
      "\n",
      " [[  2.79891561e+02   1.65043369e+01   6.65390542e+00]\n",
      "  [  1.65043369e+01   5.87442771e+01   6.19785834e+01]\n",
      "  [  6.65390542e+00   6.19785834e+01   9.55577231e+01]]\n",
      "\n",
      " [[  4.13195053e+02   3.46370997e+02  -3.90896318e+01]\n",
      "  [  3.46370997e+02   1.35200367e+03  -1.15159081e+02]\n",
      "  [ -3.90896318e+01  -1.15159081e+02   5.24689732e+02]]\n",
      "\n",
      " [[  4.42152763e+02  -7.30593797e+00  -6.39666781e+01]\n",
      "  [ -7.30593797e+00   1.46552129e+02   1.80115101e+02]\n",
      "  [ -6.39666781e+01   1.80115101e+02   2.94542595e+02]]\n",
      "\n",
      " [[  4.63832502e+02   1.71664383e+02   1.51859252e+01]\n",
      "  [  1.71664383e+02   2.34345283e+02   2.75753878e+02]\n",
      "  [  1.51859252e+01   2.75753878e+02   6.80785690e+02]]\n",
      "\n",
      " [[  6.27396305e+02   4.69650641e+02   1.71944092e+01]\n",
      "  [  4.69650641e+02   6.56570562e+02   2.78123401e+02]\n",
      "  [  1.71944092e+01   2.78123401e+02   8.30540592e+02]]\n",
      "\n",
      " [[  4.47762804e+03   3.25451318e+03  -8.04893895e+02]\n",
      "  [  3.25451318e+03   2.75096373e+03   2.92388763e+02]\n",
      "  [ -8.04893895e+02   2.92388763e+02   2.59596539e+03]]\n",
      "\n",
      " [[  3.75138671e+02   2.48039626e+02  -4.27122054e+01]\n",
      "  [  2.48039626e+02   1.93374504e+02  -2.19093648e+01]\n",
      "  [ -4.27122054e+01  -2.19093648e+01   4.49571744e+01]]\n",
      "\n",
      " [[  2.07226347e+02   1.37561850e+02   2.53156856e-01]\n",
      "  [  1.37561850e+02   1.12441272e+02   3.61246343e-01]\n",
      "  [  2.53156856e-01   3.61246343e-01   1.04757434e+00]]]\n",
      "EMs - pi = \n",
      " [ 0.08277299  0.1063061   0.05454939  0.1295516   0.09476866  0.16554877\n",
      "  0.0874609   0.04884527  0.08888257  0.14131375]\n",
      "=========================================\n",
      "iter =  7\n",
      "EM - means = \n",
      " [[  99.04753538   35.10708718    5.80235505]\n",
      " [  97.33453949   88.39348154   23.90748071]\n",
      " [ 225.66285855   61.64639718    7.26654596]\n",
      " [ 223.57735723  176.65770145   48.67829277]\n",
      " [ 225.64248443  229.77006468  214.64919546]\n",
      " [ 207.75384928  187.56891403  154.36645301]\n",
      " [ 147.7557067   127.44154054   71.80071918]\n",
      " [ 134.08305011  155.70757135  134.4460989 ]\n",
      " [  38.09195955   29.73108683    6.33642554]\n",
      " [  21.04639634   13.17778983    0.42263925]]\n",
      "EM - cov = \n",
      " [[[  1.97717082e+03   3.21185172e+02   5.92851119e+01]\n",
      "  [  3.21185172e+02   3.77324333e+02   6.53354262e+01]\n",
      "  [  5.92851119e+01   6.53354262e+01   4.25866343e+01]]\n",
      "\n",
      " [[  7.86620235e+02   7.17146506e+02  -2.97214125e+01]\n",
      "  [  7.17146506e+02   7.87396782e+02  -7.57761585e+01]\n",
      "  [ -2.97214125e+01  -7.57761585e+01   2.53341372e+02]]\n",
      "\n",
      " [[  2.48997163e+02   1.35151696e+01   1.48361726e+01]\n",
      "  [  1.35151696e+01   4.95608861e+01   5.60493494e+01]\n",
      "  [  1.48361726e+01   5.60493494e+01   8.82700321e+01]]\n",
      "\n",
      " [[  4.19477618e+02   3.55341275e+02  -3.38220033e+01]\n",
      "  [  3.55341275e+02   1.38397234e+03  -1.12052048e+02]\n",
      "  [ -3.38220033e+01  -1.12052048e+02   5.18892818e+02]]\n",
      "\n",
      " [[  4.48508392e+02  -1.37937538e+01  -7.03714861e+01]\n",
      "  [ -1.37937538e+01   1.30546007e+02   1.63231828e+02]\n",
      "  [ -7.03714861e+01   1.63231828e+02   2.76452621e+02]]\n",
      "\n",
      " [[  4.58757936e+02   1.73057380e+02   2.50435707e+01]\n",
      "  [  1.73057380e+02   2.34757461e+02   2.85435874e+02]\n",
      "  [  2.50435707e+01   2.85435874e+02   6.92649459e+02]]\n",
      "\n",
      " [[  6.75539909e+02   5.24565911e+02   7.15955826e+01]\n",
      "  [  5.24565911e+02   7.25602779e+02   3.48126403e+02]\n",
      "  [  7.15955826e+01   3.48126403e+02   8.26821150e+02]]\n",
      "\n",
      " [[  4.49735578e+03   3.26610890e+03  -7.58324099e+02]\n",
      "  [  3.26610890e+03   2.76337796e+03   3.47071862e+02]\n",
      "  [ -7.58324099e+02   3.47071862e+02   2.67542613e+03]]\n",
      "\n",
      " [[  4.07774052e+02   2.80470864e+02  -3.77664444e+01]\n",
      "  [  2.80470864e+02   2.19959418e+02  -1.98980456e+01]\n",
      "  [ -3.77664444e+01  -1.98980456e+01   3.85710473e+01]]\n",
      "\n",
      " [[  2.39020061e+02   1.65028495e+02   4.09145488e-01]\n",
      "  [  1.65028495e+02   1.36825358e+02   3.50649059e-01]\n",
      "  [  4.09145488e-01   3.50649059e-01   7.27135233e-01]]]\n",
      "EMs - pi = \n",
      " [ 0.08425087  0.10637784  0.05264747  0.12989079  0.09151827  0.16748195\n",
      "  0.08905972  0.05121337  0.08292612  0.1446336 ]\n",
      "=========================================\n",
      "iter =  8\n"
     ]
    },
    {
     "name": "stdout",
     "output_type": "stream",
     "text": [
      "EM - means = \n",
      " [[  99.96931159   35.1799658     5.84653544]\n",
      " [  96.66252515   88.19391729   23.34710221]\n",
      " [ 226.34681805   61.58733046    7.02800658]\n",
      " [ 223.43679529  176.2518596    48.48798155]\n",
      " [ 225.814958    230.49915598  215.4479892 ]\n",
      " [ 208.02806334  187.88837866  155.11567843]\n",
      " [ 146.52479453  125.76059381   71.62631218]\n",
      " [ 135.64971471  156.37385954  133.33000005]\n",
      " [  35.47730511   27.59228722    6.4703752 ]\n",
      " [  22.75301215   14.63640171    0.32661278]]\n",
      "EM - cov = \n",
      " [[[  2.08081741e+03   3.42444786e+02   5.82832048e+01]\n",
      "  [  3.42444786e+02   3.72779000e+02   6.46405419e+01]\n",
      "  [  5.82832048e+01   6.46405419e+01   4.21675479e+01]]\n",
      "\n",
      " [[  8.70841872e+02   8.01561137e+02  -2.85886740e+01]\n",
      "  [  8.01561137e+02   8.60970871e+02  -7.08005605e+01]\n",
      "  [ -2.85886740e+01  -7.08005605e+01   2.38642468e+02]]\n",
      "\n",
      " [[  2.31749398e+02   1.40237274e+01   2.07496282e+01]\n",
      "  [  1.40237274e+01   4.44517295e+01   5.20312650e+01]\n",
      "  [  2.07496282e+01   5.20312650e+01   8.34740242e+01]]\n",
      "\n",
      " [[  4.24682078e+02   3.62010358e+02  -2.97189019e+01]\n",
      "  [  3.62010358e+02   1.40785655e+03  -1.08540644e+02]\n",
      "  [ -2.97189019e+01  -1.08540644e+02   5.13913546e+02]]\n",
      "\n",
      " [[  4.55078828e+02  -1.93531730e+01  -7.58212285e+01]\n",
      "  [ -1.93531730e+01   1.16149376e+02   1.48027707e+02]\n",
      "  [ -7.58212285e+01   1.48027707e+02   2.60280919e+02]]\n",
      "\n",
      " [[  4.54504985e+02   1.74412281e+02   3.41217831e+01]\n",
      "  [  1.74412281e+02   2.37017279e+02   2.95438618e+02]\n",
      "  [  3.41217831e+01   2.95438618e+02   7.03102004e+02]]\n",
      "\n",
      " [[  7.34073743e+02   5.89518544e+02   1.39554612e+02]\n",
      "  [  5.89518544e+02   8.00925724e+02   4.29890186e+02]\n",
      "  [  1.39554612e+02   4.29890186e+02   8.38178924e+02]]\n",
      "\n",
      " [[  4.48463847e+03   3.24433189e+03  -7.50648229e+02]\n",
      "  [  3.24433189e+03   2.74280135e+03   3.66795051e+02]\n",
      "  [ -7.50648229e+02   3.66795051e+02   2.73581627e+03]]\n",
      "\n",
      " [[  4.26603145e+02   3.03454403e+02  -2.76846901e+01]\n",
      "  [  3.03454403e+02   2.41300846e+02  -1.26558774e+01]\n",
      "  [ -2.76846901e+01  -1.26558774e+01   3.30659703e+01]]\n",
      "\n",
      " [[  2.75946876e+02   1.97195535e+02   4.60642442e-01]\n",
      "  [  1.97195535e+02   1.65950465e+02   3.62358612e-01]\n",
      "  [  4.60642442e-01   3.62358612e-01   4.86723270e-01]]]\n",
      "EMs - pi = \n",
      " [ 0.08522584  0.10613403  0.05125017  0.13017835  0.08847605  0.16925188\n",
      "  0.09101424  0.05304268  0.0770046   0.14842216]\n",
      "=========================================\n",
      "iter =  9\n",
      "EM - means = \n",
      " [[ 100.73877805   35.28008959    5.91382611]\n",
      " [  96.10397511   88.1115897    22.88677463]\n",
      " [ 226.79787462   61.52734387    6.86481206]\n",
      " [ 223.32809617  175.94479909   48.33947777]\n",
      " [ 225.91832186  231.14127488  216.15255757]\n",
      " [ 208.32906282  188.25613601  155.90763097]\n",
      " [ 145.40848718  124.24696697   71.42689736]\n",
      " [ 136.8843579   156.88111191  132.3678871 ]\n",
      " [  32.75022004   25.24577303    6.47329387]\n",
      " [  24.18910154   15.86865545    0.24510253]]\n",
      "EM - cov = \n",
      " [[[  2.15480849e+03   3.56535034e+02   5.66973515e+01]\n",
      "  [  3.56535034e+02   3.69006884e+02   6.43400926e+01]\n",
      "  [  5.66973515e+01   6.43400926e+01   4.19001669e+01]]\n",
      "\n",
      " [[  9.61086157e+02   8.90176821e+02  -2.52161896e+01]\n",
      "  [  8.90176821e+02   9.37918897e+02  -6.38739618e+01]\n",
      "  [ -2.52161896e+01  -6.38739618e+01   2.26871960e+02]]\n",
      "\n",
      " [[  2.20940316e+02   1.49831909e+01   2.48971561e+01]\n",
      "  [  1.49831909e+01   4.15640590e+01   4.96763601e+01]\n",
      "  [  2.48971561e+01   4.96763601e+01   8.06150118e+01]]\n",
      "\n",
      " [[  4.29124068e+02   3.67652454e+02  -2.71525286e+01]\n",
      "  [  3.67652454e+02   1.42569018e+03  -1.05896665e+02]\n",
      "  [ -2.71525286e+01  -1.05896665e+02   5.09304524e+02]]\n",
      "\n",
      " [[  4.61552252e+02  -2.36731618e+01  -8.00195934e+01]\n",
      "  [ -2.36731618e+01   1.04276586e+02   1.35488831e+02]\n",
      "  [ -8.00195934e+01   1.35488831e+02   2.47225612e+02]]\n",
      "\n",
      " [[  4.51296543e+02   1.75900656e+02   4.25439549e+01]\n",
      "  [  1.75900656e+02   2.40130473e+02   3.05000289e+02]\n",
      "  [  4.25439549e+01   3.05000289e+02   7.10986219e+02]]\n",
      "\n",
      " [[  8.10782525e+02   6.71723783e+02   2.20581066e+02]\n",
      "  [  6.71723783e+02   8.88359385e+02   5.21147464e+02]\n",
      "  [  2.20581066e+02   5.21147464e+02   8.65368573e+02]]\n",
      "\n",
      " [[  4.45217779e+03   3.20345028e+03  -7.67319336e+02]\n",
      "  [  3.20345028e+03   2.70342120e+03   3.63895619e+02]\n",
      "  [ -7.67319336e+02   3.63895619e+02   2.78261037e+03]]\n",
      "\n",
      " [[  4.20745709e+02   3.05782651e+02  -1.45239279e+01]\n",
      "  [  3.05782651e+02   2.45681339e+02  -2.26339350e+00]\n",
      "  [ -1.45239279e+01  -2.26339350e+00   2.79752302e+01]]\n",
      "\n",
      " [[  3.08155412e+02   2.25040607e+02   5.14138413e-01]\n",
      "  [  2.25040607e+02   1.91802529e+02   4.18464536e-01]\n",
      "  [  5.14138413e-01   4.18464536e-01   3.10748691e-01]]]\n",
      "EMs - pi = \n",
      " [ 0.08564713  0.10571862  0.05028577  0.13028653  0.08573506  0.17062741\n",
      "  0.09348767  0.05446945  0.07328022  0.15046214]\n",
      "=========================================\n"
     ]
    }
   ],
   "source": [
    "# for EM algorithm   \n",
    "likelihood = []\n",
    "iter_num = 10\n",
    "\n",
    "def Cal_mean(image, means, gamma_mat):\n",
    "    new_means = np.zeros((K_cluster,3))   \n",
    "    \n",
    "    for k in range(K_cluster):\n",
    "        r = 0.0\n",
    "        g = 0.0\n",
    "        b = 0.0\n",
    "        N_k = np.sum(gamma_mat[:,:,k])\n",
    "        for i in range(im_w_re):\n",
    "            for j in range(im_h_re):\n",
    "                r += image[i,j,0]*gamma_mat[i,j,k]\n",
    "                g += image[i,j,1]*gamma_mat[i,j,k]\n",
    "                b += image[i,j,2]*gamma_mat[i,j,k]\n",
    "        new_means[k,:] = np.array([r/N_k, g/N_k, b/N_k])\n",
    "    return new_means\n",
    "\n",
    "def Cal_cov(image, cov, means, gamma_mat):\n",
    "    new_cov = np.zeros_like(cov)\n",
    "    \n",
    "    for k in range(K_cluster):\n",
    "        val = new_cov[k,:,:]\n",
    "        N_k = np.sum(gamma_mat[:,:,k])\n",
    "        \n",
    "        for i in range(im_w_re):\n",
    "            for j in range(im_h_re):\n",
    "                tmp = np.dot((image[i,j,:] - means[k,:]).reshape((3,1)), (image[i,j,:] - means[k,:]).reshape((1,3)))\n",
    "                val += gamma_mat[i,j,k]*tmp\n",
    "        new_cov[k,:,:] = val/N_k\n",
    "    return new_cov\n",
    "\n",
    "def Cal_pi(pis,gamma_mat):\n",
    "    new_pis = np.zeros_like(pis)\n",
    "    \n",
    "    for k in range(K_cluster):\n",
    "        N_k = np.sum(gamma_mat[:,:,k])\n",
    "        new_pis[k] = N_k/float(im_w_re*im_h_re)\n",
    "    return new_pis\n",
    "    \n",
    "def Cal_gamma(pixel, k, means, cov, pis):\n",
    "    denom = 0.0\n",
    "    gamma = 0\n",
    "    nom = pis[k]*multivariate_normal.pdf(pixel, means[k,:], cov[k,:,:]+bias)\n",
    "    for i in range(K_cluster):\n",
    "        denom += pis[i]*multivariate_normal.pdf(pixel, means[i,:], cov[i,:,:]+bias)\n",
    "    \n",
    "    gamma = nom/denom\n",
    "    return gamma\n",
    "\n",
    "def EM_(image, means, covars, pis, k_array):\n",
    "    \n",
    "    # E step\n",
    "    gamma_mat = np.zeros((im_w_re, im_h_re, K_cluster))\n",
    "    for i in range(im_w_re):\n",
    "        for j in range(im_h_re):     \n",
    "            for k in range(K_cluster):\n",
    "                gamma_mat[i,j,k] = Cal_gamma(image[i,j,:], k, means, covars, pis)\n",
    "    \n",
    "    # M step\n",
    "    new_means = Cal_mean(image, means, gamma_mat)\n",
    "    new_covars = Cal_cov(image, covars, new_means, gamma_mat)\n",
